Polarization of Light 'Brewsters' Data File Tue, Feb 07, 2023 11:06 AM
Sensor Position (Degrees)	Light Intensity (Volts)
180.00000	0.01364
180.00000	0.01267
180.00000	0.01525
180.00000	0.01847
180.00000	0.01702
180.00000	0.01751
180.00000	0.01509
180.00000	0.01799
180.00000	0.01863
180.00000	0.01847
180.00000	0.02234
180.00000	0.01944
180.00000	0.02008
180.00000	0.01831
180.00000	0.02105
180.00000	0.01880
180.00000	0.01863
180.00000	0.01718
180.00000	0.01638
180.00000	0.01670
180.00000	0.01284
180.00000	0.01557
180.00000	0.01316
180.00000	0.01139
180.00000	0.01654
179.98333	0.01670
179.98333	0.01751
179.98333	0.01541
179.98333	0.01783
179.98333	0.01332
179.98333	0.01590
179.98333	0.01428
179.98333	0.01654
179.98333	0.01428
179.98333	0.01445
180.00000	0.01171
180.00000	0.01412
180.00000	0.01477
180.00000	0.01428
180.00000	0.01590
180.00000	0.01799
180.00000	0.01445
180.00000	0.02057
180.00000	0.01702
180.00000	0.01880
180.00000	0.01541
179.98333	0.01735
179.98333	0.01509
179.96667	0.01573
179.96667	0.01686
179.88333	0.02008
179.38333	0.01815
179.03333	0.01590
178.98333	0.01799
178.96667	0.01187
178.95000	0.01509
178.91667	0.01509
178.86667	0.02008
178.81667	0.01010
178.80000	0.00140
178.76667	0.00108
178.73333	0.00075
178.68333	0.00156
178.61667	0.00253
178.55000	0.00108
178.51667	0.00832
178.45000	0.00494
178.36667	0.01573
178.25000	0.01638
178.13333	0.01461
178.03333	0.01912
177.93333	0.01880
177.86667	0.02121
177.80000	0.01863
177.70000	0.02218
177.63333	0.01461
177.55000	0.01686
177.48333	0.01171
177.41667	0.01718
177.35000	0.01960
177.28333	0.01992
177.20000	0.01944
177.08333	0.01799
176.93333	0.01477
176.81667	0.01155
176.68333	0.02121
176.56667	0.01058
176.46667	0.01767
176.38333	0.01751
176.30000	0.01896
176.21667	0.02153
176.11667	0.01928
176.03333	0.02008
175.93333	0.02250
175.83333	0.01638
175.73333	0.01992
175.60000	0.02105
175.46667	0.01944
175.30000	0.02202
175.13333	0.02105
174.93333	0.01670
174.75000	0.00865
174.61667	0.00494
174.50000	0.01187
174.41667	0.01380
174.35000	0.01702
174.28333	0.01396
174.21667	0.01880
174.15000	0.01896
174.08333	0.02121
174.01667	0.02057
173.93333	0.02298
173.85000	0.02347
173.76667	0.02379
173.66667	0.02379
173.58333	0.02234
173.51667	0.02669
173.45000	0.02202
173.40000	0.02121
173.33333	0.02089
173.28333	0.01896
173.21667	0.01654
173.16667	0.02153
173.10000	0.02137
173.03333	0.02363
172.95000	0.02153
172.88333	0.02234
172.83333	0.02314
172.78333	0.02476
172.73333	0.02443
172.68333	0.02476
172.58333	0.02443
172.48333	0.02363
172.36667	0.02604
172.26667	0.02121
172.16667	0.02395
172.08333	0.02443
172.00000	0.02733
171.91667	0.02443
171.83333	0.02395
171.76667	0.02492
171.70000	0.02653
171.61667	0.02476
171.56667	0.02653
171.50000	0.02492
171.43333	0.02669
171.35000	0.03506
171.30000	0.02701
171.23333	0.02588
171.18333	0.02459
171.13333	0.02331
171.06667	0.02186
171.00000	0.02363
170.93333	0.02443
170.85000	0.02669
170.76667	0.02089
170.70000	0.02620
170.61667	0.02250
170.56667	0.02620
170.51667	0.02411
170.45000	0.02508
170.38333	0.02524
170.31667	0.02411
170.21667	0.02314
170.13333	0.02604
170.05000	0.02459
169.96667	0.02331
169.90000	0.02540
169.83333	0.02717
169.78333	0.02862
169.71667	0.02524
169.65000	0.02202
169.60000	0.02588
169.55000	0.02169
169.45000	0.02685
169.35000	0.02073
169.26667	0.02347
169.18333	0.02041
169.10000	0.02685
169.00000	0.01348
168.90000	0.01573
168.80000	0.01364
168.73333	0.01751
168.66667	0.01606
168.61667	0.02008
168.58333	0.01767
168.53333	0.02443
168.48333	0.02556
168.45000	0.02749
168.40000	0.02620
168.35000	0.02556
168.30000	0.02814
168.26667	0.02637
168.21667	0.02524
168.15000	0.02733
168.10000	0.02927
168.05000	0.02798
168.01667	0.02492
167.96667	0.02765
167.91667	0.02733
167.86667	0.02604
167.81667	0.02202
167.76667	0.02105
167.73333	0.02024
167.68333	0.01702
167.65000	0.02057
167.61667	0.02073
167.58333	0.02508
167.53333	0.02717
167.51667	0.02540
167.48333	0.02347
167.45000	0.02637
167.41667	0.02363
167.40000	0.02798
167.36667	0.03345
167.33333	0.02476
167.28333	0.03055
167.23333	0.02620
167.18333	0.02508
167.15000	0.03039
167.11667	0.02894
167.10000	0.02556
167.05000	0.02363
167.00000	0.03023
166.96667	0.03200
166.90000	0.02782
166.81667	0.02814
166.76667	0.02798
166.73333	0.03088
166.68333	0.02943
166.61667	0.02894
166.55000	0.03104
166.46667	0.02830
166.43333	0.02685
166.38333	0.02798
166.35000	0.02814
166.28333	0.02685
166.20000	0.02492
166.10000	0.01928
166.00000	0.01799
165.91667	0.01493
165.81667	0.01799
165.75000	0.01380
165.68333	0.01928
165.63333	0.01332
165.58333	0.01541
165.51667	0.02427
165.45000	0.01960
165.36667	0.01976
165.28333	0.02169
165.16667	0.01751
165.06667	0.01863
164.98333	0.02073
164.93333	0.01928
164.90000	0.01493
164.86667	0.01944
164.85000	0.02556
164.81667	0.02411
164.76667	0.02508
164.70000	0.02540
164.63333	0.03152
164.55000	0.02814
164.48333	0.02878
164.43333	0.02282
164.36667	0.03152
164.33333	0.02524
164.28333	0.02830
164.25000	0.03088
164.23333	0.02991
164.21667	0.02685
164.18333	0.02765
164.15000	0.03088
164.11667	0.03055
164.08333	0.02878
164.06667	0.02830
164.03333	0.02540
164.00000	0.02830
163.96667	0.02717
163.95000	0.02830
163.93333	0.02862
163.91667	0.01928
163.90000	0.01751
163.88333	0.02041
163.85000	0.02765
163.80000	0.02314
163.75000	0.03184
163.68333	0.02878
163.61667	0.02782
163.55000	0.02331
163.50000	0.02620
163.46667	0.02733
163.43333	0.02282
163.40000	0.02508
163.38333	0.02749
163.35000	0.02492
163.28333	0.02878
163.23333	0.02669
163.18333	0.03394
163.13333	0.03200
163.10000	0.02910
163.05000	0.03233
163.03333	0.03039
163.00000	0.02572
162.95000	0.03023
162.88333	0.03152
162.80000	0.02057
162.73333	0.01557
162.63333	0.02218
162.55000	0.01541
162.46667	0.02765
162.38333	0.02492
162.30000	0.02459
162.25000	0.03007
162.18333	0.02540
162.15000	0.02363
162.08333	0.02024
162.03333	0.02556
161.98333	0.02540
161.90000	0.03297
161.83333	0.02894
161.78333	0.03265
161.75000	0.02814
161.70000	0.03055
161.66667	0.03233
161.61667	0.03281
161.55000	0.03168
161.48333	0.03136
161.40000	0.03152
161.33333	0.03216
161.26667	0.03506
161.20000	0.03233
161.13333	0.03506
161.06667	0.03313
161.01667	0.03378
160.95000	0.02733
160.90000	0.03168
160.81667	0.03442
160.75000	0.03297
160.66667	0.03184
160.58333	0.02894
160.50000	0.03490
160.41667	0.03007
160.33333	0.03216
160.26667	0.03072
160.20000	0.03055
160.13333	0.02894
160.03333	0.02443
159.93333	0.02234
159.80000	0.01509
159.68333	0.01509
159.58333	0.01960
159.50000	0.02024
159.41667	0.02250
159.33333	0.02524
159.28333	0.02878
159.21667	0.02637
159.13333	0.03345
159.06667	0.02991
158.98333	0.03200
158.91667	0.03474
158.86667	0.03539
158.80000	0.03539
158.75000	0.03796
158.70000	0.03152
158.65000	0.04038
158.60000	0.03716
158.55000	0.03426
158.48333	0.03249
158.38333	0.03506
158.23333	0.03378
158.10000	0.03571
157.95000	0.02717
157.78333	0.02878
157.65000	0.03378
157.53333	0.03233
157.46667	0.02814
157.40000	0.02927
157.31667	0.02878
157.23333	0.03184
157.16667	0.03539
157.08333	0.03233
157.03333	0.03748
156.96667	0.03829
156.90000	0.03748
156.81667	0.03732
156.71667	0.03329
156.60000	0.03216
156.50000	0.03410
156.38333	0.03635
156.28333	0.03571
156.20000	0.03845
156.11667	0.03619
156.05000	0.03426
155.96667	0.03378
155.90000	0.03861
155.85000	0.03635
155.80000	0.03812
155.75000	0.03603
155.71667	0.03571
155.65000	0.03587
155.58333	0.03426
155.50000	0.03668
155.40000	0.04296
155.28333	0.03764
155.16667	0.03603
155.03333	0.03458
154.90000	0.03184
154.75000	0.02685
154.63333	0.03104
154.53333	0.02331
154.45000	0.02476
154.38333	0.02991
154.30000	0.02427
154.25000	0.02878
154.18333	0.03216
154.15000	0.03748
154.08333	0.03233
154.05000	0.04102
154.00000	0.03249
153.95000	0.04408
153.90000	0.04489
153.83333	0.03764
153.78333	0.04006
153.71667	0.03394
153.66667	0.03651
153.60000	0.04376
153.53333	0.04360
153.45000	0.03812
153.35000	0.04280
153.21667	0.03619
153.08333	0.03925
152.93333	0.04521
152.80000	0.03200
152.66667	0.03329
152.55000	0.03909
152.45000	0.03474
152.36667	0.03490
152.30000	0.03490
152.23333	0.04215
152.15000	0.03764
152.08333	0.04763
152.01667	0.04151
151.95000	0.04006
151.86667	0.03990
151.80000	0.04167
151.71667	0.03603
151.63333	0.03909
151.55000	0.03780
151.48333	0.04070
151.40000	0.03829
151.35000	0.03845
151.31667	0.03941
151.26667	0.03329
151.25000	0.03603
151.21667	0.03571
151.18333	0.03893
151.11667	0.03603
151.03333	0.04215
150.95000	0.03829
150.86667	0.03410
150.78333	0.03136
150.68333	0.04167
150.60000	0.04634
150.53333	0.03861
150.51667	0.04666
150.51667	0.03925
150.50000	0.04666
150.48333	0.03700
150.45000	0.03861
150.41667	0.04264
150.36667	0.04473
150.31667	0.04376
150.25000	0.04586
150.20000	0.04537
150.11667	0.04215
150.03333	0.04119
149.93333	0.04151
149.85000	0.04102
149.78333	0.04312
149.73333	0.04843
149.68333	0.04054
149.63333	0.04086
149.60000	0.04022
149.56667	0.03812
149.51667	0.03829
149.46667	0.03893
149.40000	0.04441
149.35000	0.04247
149.31667	0.04344
149.28333	0.04199
149.25000	0.04876
149.21667	0.04135
149.18333	0.04731
149.15000	0.05021
149.10000	0.04119
149.00000	0.03893
148.91667	0.03796
148.83333	0.03845
148.76667	0.04360
148.70000	0.03378
148.65000	0.04022
148.58333	0.03990
148.53333	0.03716
148.48333	0.04151
148.43333	0.03812
148.38333	0.04860
148.28333	0.04360
148.21667	0.04151
148.13333	0.04264
148.05000	0.03635
147.96667	0.04312
147.90000	0.04006
147.83333	0.04151
147.76667	0.04473
147.70000	0.04102
147.63333	0.03925
147.53333	0.04070
147.43333	0.03764
147.33333	0.03281
147.25000	0.02894
147.20000	0.03732
147.16667	0.02782
147.13333	0.02556
147.10000	0.03539
147.05000	0.03410
147.01667	0.03990
147.00000	0.03410
146.96667	0.03072
146.91667	0.04086
146.86667	0.03812
146.76667	0.03651
146.70000	0.04312
146.63333	0.03490
146.58333	0.03539
146.55000	0.03764
146.50000	0.03990
146.46667	0.03668
146.43333	0.03297
146.41667	0.04199
146.40000	0.04602
146.36667	0.04360
146.35000	0.04376
146.31667	0.04264
146.28333	0.04425
146.25000	0.05085
146.20000	0.04570
146.15000	0.04763
146.11667	0.04827
146.10000	0.04521
146.06667	0.04650
146.03333	0.04843
145.98333	0.05101
145.95000	0.03861
145.91667	0.03796
145.90000	0.04763
145.88333	0.04199
145.85000	0.04827
145.80000	0.05198
145.76667	0.04731
145.71667	0.04843
145.70000	0.04634
145.66667	0.05262
145.65000	0.05439
145.61667	0.04489
145.55000	0.05230
145.45000	0.04747
145.38333	0.05874
145.31667	0.04779
145.26667	0.05504
145.21667	0.05101
145.15000	0.04763
145.06667	0.04328
145.01667	0.05166
144.96667	0.05359
144.93333	0.05520
144.90000	0.04795
144.86667	0.05375
144.81667	0.05697
144.78333	0.05649
144.73333	0.05697
144.70000	0.04956
144.66667	0.05890
144.61667	0.05005
144.56667	0.05069
144.51667	0.05890
144.46667	0.05294
144.41667	0.05246
144.35000	0.05262
144.26667	0.05278
144.18333	0.04666
144.13333	0.03909
144.08333	0.04408
144.03333	0.04167
144.00000	0.04408
143.96667	0.05069
143.91667	0.04827
143.86667	0.04553
143.78333	0.05907
143.71667	0.04811
143.65000	0.05311
143.60000	0.04682
143.55000	0.05053
143.50000	0.05633
143.41667	0.04956
143.33333	0.04956
143.28333	0.05149
143.21667	0.05810
143.13333	0.05456
143.06667	0.05262
142.96667	0.05278
142.86667	0.04827
142.76667	0.04280
142.66667	0.05230
142.58333	0.04489
142.48333	0.04811
142.41667	0.04827
142.35000	0.04811
142.30000	0.04489
142.23333	0.05762
142.18333	0.05407
142.11667	0.05762
142.05000	0.05133
141.96667	0.05085
141.88333	0.05117
141.81667	0.05069
141.75000	0.05391
141.70000	0.05762
141.65000	0.06019
141.60000	0.04956
141.53333	0.05778
141.48333	0.05278
141.41667	0.05536
141.35000	0.05294
141.30000	0.05359
141.23333	0.05665
141.16667	0.06100
141.10000	0.05198
141.01667	0.06245
140.95000	0.01767
140.85000	0.00639
140.73333	0.03603
140.63333	0.03877
140.51667	0.05182
140.41667	0.06132
140.31667	0.05762
140.21667	0.05552
140.15000	0.06164
140.10000	0.06164
140.03333	0.05778
139.98333	0.05729
139.93333	0.05021
139.88333	0.05552
139.83333	0.05488
139.78333	0.05456
139.70000	0.05359
139.58333	0.05021
139.46667	0.05246
139.35000	0.03136
139.21667	0.02459
139.08333	0.01606
138.98333	0.01670
138.88333	0.01573
138.81667	0.01300
138.75000	0.01412
138.70000	0.01638
138.66667	0.02588
138.63333	0.02234
138.60000	0.02411
138.55000	0.02749
138.48333	0.02234
138.41667	0.02798
138.38333	0.03055
138.36667	0.02927
138.33333	0.04022
138.30000	0.03603
138.25000	0.03184
138.21667	0.02218
138.16667	0.02830
138.11667	0.03361
138.06667	0.02218
138.05000	0.03297
138.01667	0.02620
138.00000	0.03619
138.00000	0.03796
137.98333	0.03877
137.98333	0.03539
137.96667	0.04779
137.96667	0.06309
137.95000	0.05423
137.93333	0.05778
137.91667	0.06132
137.86667	0.06422
137.78333	0.05536
137.68333	0.06148
137.58333	0.05987
137.51667	0.05069
137.46667	0.05939
137.43333	0.06035
137.41667	0.05617
137.36667	0.05568
137.30000	0.05633
137.20000	0.06116
137.11667	0.05617
137.03333	0.05697
136.95000	0.06809
136.86667	0.06052
136.75000	0.06519
136.60000	0.05423
136.46667	0.05166
136.35000	0.03249
136.28333	0.03700
136.23333	0.03635
136.20000	0.04795
136.16667	0.04457
136.13333	0.05053
136.10000	0.05923
136.05000	0.05745
135.98333	0.05907
135.93333	0.06648
135.88333	0.05745
135.83333	0.06164
135.78333	0.05907
135.70000	0.07018
135.60000	0.06615
135.48333	0.06164
135.40000	0.06019
135.33333	0.05407
135.26667	0.06052
135.23333	0.06744
135.18333	0.06551
135.16667	0.06438
135.13333	0.07517
135.08333	0.07453
135.01667	0.07324
134.91667	0.06374
134.81667	0.06519
134.73333	0.06970
134.63333	0.07050
134.55000	0.06551
134.48333	0.06905
134.41667	0.05842
134.38333	0.06406
134.33333	0.06809
134.30000	0.06841
134.25000	0.07066
134.20000	0.06003
134.15000	0.06197
134.10000	0.06921
134.03333	0.07308
133.96667	0.07421
133.93333	0.07469
133.91667	0.06905
133.90000	0.07018
133.88333	0.07034
133.85000	0.07308
133.80000	0.07131
133.76667	0.07598
133.73333	0.07823
133.70000	0.07566
133.65000	0.06793
133.61667	0.07695
133.55000	0.07179
133.50000	0.07646
133.43333	0.06889
133.35000	0.06551
133.26667	0.07018
133.20000	0.07066
133.15000	0.06503
133.11667	0.06631
133.08333	0.07517
133.06667	0.07227
133.03333	0.07227
132.98333	0.07115
132.91667	0.06116
132.85000	0.06084
132.78333	0.06680
132.75000	0.07630
132.73333	0.07807
132.68333	0.07099
132.65000	0.07646
132.58333	0.07695
132.53333	0.07985
132.46667	0.07646
132.38333	0.07018
132.30000	0.07115
132.23333	0.07711
132.18333	0.06825
132.15000	0.06889
132.10000	0.06776
132.06667	0.07566
132.03333	0.07582
132.01667	0.08081
132.00000	0.07437
131.95000	0.07082
131.91667	0.07421
131.88333	0.07614
131.85000	0.07276
131.80000	0.07872
131.73333	0.07244
131.65000	0.07340
131.56667	0.07582
131.51667	0.08258
131.46667	0.08033
131.41667	0.07453
131.36667	0.07985
131.30000	0.07759
131.21667	0.07018
131.16667	0.07952
131.11667	0.07630
131.06667	0.08339
131.01667	0.07308
130.95000	0.07131
130.86667	0.07163
130.81667	0.07646
130.76667	0.07920
130.71667	0.08033
130.66667	0.07888
130.63333	0.07759
130.58333	0.07485
130.51667	0.07147
130.45000	0.07791
130.40000	0.07034
130.35000	0.08001
130.30000	0.07968
130.26667	0.07566
130.23333	0.06921
130.18333	0.06696
130.15000	0.06551
130.11667	0.07372
130.08333	0.07550
130.03333	0.07179
129.96667	0.07743
129.90000	0.07437
129.85000	0.08017
129.83333	0.08081
129.80000	0.07646
129.78333	0.07614
129.73333	0.07066
129.71667	0.07421
129.68333	0.07646
129.66667	0.07856
129.61667	0.07485
129.55000	0.08258
129.46667	0.08226
129.38333	0.07936
129.31667	0.08597
129.23333	0.08242
129.18333	0.08210
129.13333	0.08323
129.10000	0.08387
129.05000	0.08323
129.01667	0.08452
128.98333	0.08790
128.96667	0.08049
128.93333	0.08709
128.90000	0.08484
128.86667	0.08919
128.81667	0.08210
128.73333	0.07872
128.65000	0.08532
128.55000	0.08113
128.46667	0.07888
128.38333	0.08146
128.33333	0.07485
128.28333	0.07437
128.18333	0.07356
128.08333	0.07340
128.00000	0.08870
127.95000	0.08790
127.91667	0.08403
127.86667	0.08258
127.83333	0.08097
127.76667	0.08452
127.70000	0.07646
127.61667	0.08468
127.51667	0.08129
127.43333	0.08500
127.38333	0.08178
127.33333	0.06615
127.30000	0.06325
127.25000	0.07276
127.20000	0.07888
127.13333	0.08935
127.10000	0.08097
127.10000	0.09144
127.10000	0.08693
127.11667	0.08339
127.11667	0.08645
127.10000	0.07840
127.10000	0.08564
127.10000	0.08017
127.10000	0.08436
127.10000	0.08307
127.08333	0.08484
127.05000	0.08194
127.01667	0.08774
126.98333	0.08661
126.95000	0.09257
126.88333	0.08291
126.85000	0.08226
126.81667	0.08081
126.78333	0.08307
126.75000	0.07695
126.66667	0.08097
126.58333	0.08468
126.50000	0.08081
126.45000	0.07340
126.40000	0.07308
126.38333	0.07372
126.38333	0.07920
126.35000	0.07662
126.33333	0.07550
126.33333	0.07791
126.31667	0.08129
126.31667	0.08146
126.30000	0.08049
126.26667	0.08291
126.25000	0.08081
126.23333	0.08355
126.20000	0.08307
126.13333	0.09273
126.05000	0.08355
125.93333	0.08226
125.83333	0.08242
125.76667	0.08838
125.71667	0.09289
125.68333	0.08887
125.66667	0.08516
125.65000	0.09225
125.61667	0.08951
125.56667	0.09499
125.46667	0.09563
125.38333	0.08242
125.30000	0.08129
125.23333	0.08323
125.13333	0.08500
125.05000	0.09048
124.95000	0.08645
124.86667	0.09466
124.76667	0.08387
124.68333	0.07936
124.58333	0.06068
124.46667	0.04183
124.36667	0.04811
124.28333	0.05117
124.21667	0.05907
124.15000	0.06084
124.10000	0.06132
124.05000	0.07002
123.98333	0.07678
123.88333	0.08113
123.80000	0.08693
123.71667	0.08597
123.65000	0.08339
123.56667	0.08999
123.48333	0.08774
123.43333	0.09660
123.36667	0.10079
123.31667	0.10095
123.26667	0.09499
123.21667	0.09789
123.16667	0.09434
123.15000	0.09917
123.13333	0.09434
123.08333	0.09305
123.00000	0.09225
122.88333	0.09789
122.76667	0.08452
122.63333	0.08339
122.53333	0.08097
122.46667	0.05939
122.41667	0.06760
122.35000	0.07517
122.31667	0.08097
122.30000	0.07405
122.26667	0.08484
122.23333	0.09354
122.20000	0.09934
122.15000	0.10014
122.11667	0.09708
122.05000	0.10530
121.96667	0.10240
121.90000	0.10336
121.81667	0.10352
121.73333	0.10304
121.66667	0.10449
121.58333	0.10272
121.50000	0.10111
121.40000	0.11045
121.30000	0.10207
121.16667	0.10352
121.05000	0.09950
120.95000	0.09869
120.86667	0.09837
120.80000	0.09773
120.71667	0.09998
120.66667	0.09611
120.61667	0.10594
120.58333	0.09434
120.55000	0.10191
120.50000	0.10594
120.43333	0.10046
120.36667	0.10610
120.30000	0.11126
120.21667	0.10111
120.13333	0.10272
120.05000	0.10884
119.96667	0.10095
119.85000	0.09821
119.73333	0.08935
119.63333	0.08790
119.53333	0.06148
119.45000	0.06841
119.38333	0.05810
119.33333	0.05729
119.28333	0.08758
119.21667	0.11109
119.16667	0.11158
119.11667	0.11351
119.06667	0.11480
119.03333	0.10562
119.00000	0.11416
118.95000	0.11577
118.91667	0.10304
118.86667	0.11383
118.83333	0.10562
118.78333	0.11190
118.73333	0.11126
118.66667	0.11303
118.56667	0.10159
118.46667	0.09386
118.36667	0.09837
118.26667	0.10369
118.15000	0.10191
118.03333	0.09917
117.88333	0.10449
117.73333	0.09547
117.61667	0.10143
117.51667	0.08661
117.41667	0.08274
117.31667	0.08419
117.23333	0.09064
117.18333	0.09483
117.11667	0.09789
117.03333	0.10465
116.90000	0.10417
116.76667	0.11222
116.65000	0.09483
116.53333	0.08919
116.45000	0.09370
116.36667	0.08838
116.28333	0.09160
116.23333	0.09434
116.18333	0.09257
116.15000	0.10207
116.10000	0.11416
116.05000	0.10739
116.00000	0.11142
115.96667	0.11802
115.95000	0.11512
115.91667	0.10916
115.88333	0.11706
115.83333	0.12189
115.78333	0.12527
115.75000	0.12092
115.68333	0.11883
115.63333	0.12865
115.60000	0.12398
115.55000	0.12479
115.51667	0.12511
115.48333	0.12334
115.43333	0.12124
115.36667	0.12833
115.33333	0.12205
115.28333	0.12446
115.23333	0.11528
115.20000	0.10546
115.15000	0.10159
115.08333	0.12446
115.03333	0.13075
114.96667	0.12608
114.90000	0.12591
114.85000	0.12608
114.76667	0.12769
114.65000	0.12817
114.51667	0.13220
114.38333	0.12157
114.26667	0.12237
114.18333	0.13220
114.11667	0.13332
114.03333	0.13300
113.98333	0.12994
113.95000	0.12785
113.91667	0.13397
113.90000	0.12865
113.86667	0.13477
113.81667	0.13268
113.75000	0.13171
113.66667	0.13316
113.60000	0.13510
113.53333	0.13091
113.46667	0.13300
113.41667	0.12833
113.35000	0.13574
113.30000	0.13187
113.26667	0.12962
113.25000	0.13574
113.23333	0.13107
113.20000	0.13606
113.16667	0.13477
113.13333	0.14073
113.11667	0.13494
113.10000	0.13252
113.08333	0.13767
113.06667	0.13912
113.05000	0.13284
113.03333	0.13800
113.03333	0.13123
113.01667	0.13155
113.00000	0.13622
112.96667	0.13574
112.93333	0.13349
112.90000	0.13558
112.83333	0.13461
112.78333	0.13220
112.75000	0.13026
112.71667	0.13864
112.66667	0.13220
112.61667	0.14138
112.53333	0.13091
112.46667	0.13558
112.40000	0.14251
112.35000	0.14347
112.30000	0.13945
112.26667	0.14267
112.25000	0.14041
112.20000	0.13703
112.11667	0.13783
112.05000	0.13655
112.01667	0.14041
112.00000	0.13542
112.00000	0.13945
111.98333	0.14347
111.96667	0.13381
111.95000	0.13397
111.91667	0.13574
111.88333	0.12398
111.81667	0.13558
111.76667	0.13912
111.70000	0.12785
111.66667	0.12285
111.63333	0.13091
111.58333	0.13494
111.51667	0.13139
111.46667	0.12785
111.41667	0.12285
111.35000	0.13026
111.25000	0.12495
111.15000	0.13542
111.03333	0.13429
110.95000	0.14251
110.90000	0.14524
110.85000	0.14396
110.75000	0.13703
110.66667	0.14686
110.63333	0.13671
110.60000	0.14090
110.56667	0.14412
110.55000	0.13767
110.51667	0.14718
110.48333	0.14573
110.43333	0.14041
110.38333	0.14589
110.33333	0.14315
110.28333	0.14299
110.25000	0.14814
110.21667	0.15153
110.16667	0.15169
110.11667	0.14605
110.06667	0.15362
110.00000	0.14476
109.95000	0.15282
109.90000	0.14718
109.83333	0.14476
109.78333	0.14734
109.70000	0.12978
109.65000	0.11061
109.58333	0.08838
109.51667	0.09402
109.43333	0.09773
109.38333	0.10562
109.31667	0.12157
109.26667	0.14122
109.21667	0.14444
109.16667	0.15362
109.10000	0.15668
109.05000	0.14943
108.98333	0.15523
108.93333	0.14879
108.86667	0.15555
108.81667	0.15700
108.80000	0.14879
108.75000	0.15137
108.71667	0.14863
108.68333	0.15861
108.65000	0.15668
108.60000	0.15008
108.53333	0.15910
108.43333	0.15298
108.35000	0.15958
108.28333	0.15088
108.20000	0.16103
108.13333	0.15314
108.10000	0.15475
108.06667	0.14975
108.01667	0.14557
107.95000	0.14830
107.91667	0.15217
107.86667	0.14073
107.78333	0.14090
107.71667	0.15426
107.68333	0.14621
107.65000	0.15974
107.60000	0.16312
107.55000	0.16039
107.46667	0.15072
107.41667	0.15120
107.35000	0.16071
107.26667	0.15861
107.18333	0.15974
107.08333	0.16409
106.96667	0.16908
106.88333	0.15942
106.78333	0.16989
106.66667	0.16409
106.56667	0.16248
106.46667	0.17198
106.36667	0.16522
106.28333	0.16796
106.21667	0.16280
106.16667	0.16248
106.10000	0.16925
106.05000	0.16490
106.01667	0.17021
106.00000	0.16570
105.95000	0.16312
105.90000	0.16393
105.85000	0.17182
105.80000	0.16409
105.73333	0.17070
105.68333	0.17279
105.63333	0.16699
105.58333	0.17343
105.50000	0.16635
105.40000	0.17102
105.30000	0.15475
105.20000	0.13945
105.06667	0.14702
104.98333	0.15072
104.93333	0.14331
104.86667	0.13236
104.81667	0.13880
104.78333	0.14879
104.75000	0.14283
104.71667	0.14524
104.66667	0.15781
104.63333	0.15217
104.58333	0.16667
104.53333	0.16361
104.48333	0.16618
104.45000	0.17472
104.41667	0.16876
104.36667	0.17247
104.28333	0.17118
104.18333	0.17988
104.11667	0.18680
104.05000	0.17907
104.00000	0.17070
103.93333	0.17585
103.90000	0.17698
103.85000	0.17649
103.80000	0.17553
103.75000	0.17810
103.70000	0.18149
103.66667	0.17134
103.63333	0.17343
103.60000	0.16087
103.56667	0.16151
103.53333	0.16538
103.51667	0.15749
103.46667	0.16522
103.41667	0.16699
103.36667	0.17359
103.31667	0.18278
103.25000	0.17666
103.21667	0.17311
103.16667	0.18084
103.11667	0.17456
103.06667	0.17295
103.03333	0.17488
102.96667	0.17682
102.90000	0.16989
102.83333	0.18052
102.76667	0.18310
102.71667	0.18117
102.65000	0.19099
102.56667	0.18600
102.50000	0.18197
102.45000	0.18342
102.38333	0.19035
102.31667	0.18149
102.25000	0.16312
102.18333	0.16119
102.10000	0.16602
102.03333	0.15910
101.95000	0.16474
101.88333	0.17424
101.85000	0.17343
101.81667	0.16393
101.80000	0.16763
101.78333	0.16812
101.75000	0.16570
101.71667	0.18117
101.66667	0.14992
101.63333	0.14508
101.60000	0.12962
101.53333	0.12865
101.46667	0.13236
101.36667	0.14573
101.26667	0.15620
101.18333	0.16103
101.11667	0.16683
101.08333	0.17263
101.05000	0.17666
101.03333	0.17682
101.00000	0.18423
100.93333	0.18020
100.86667	0.18858
100.83333	0.17682
100.80000	0.16602
100.75000	0.16329
100.71667	0.15652
100.68333	0.15475
100.65000	0.16039
100.61667	0.16151
100.58333	0.16119
100.51667	0.16812
100.46667	0.17762
100.41667	0.17794
100.36667	0.17762
100.30000	0.19276
100.23333	0.19518
100.15000	0.19872
100.08333	0.19518
100.01667	0.19840
99.98333	0.20130
99.93333	0.20178
99.91667	0.20726
99.90000	0.19937
99.88333	0.20066
99.88333	0.20565
99.88333	0.19663
99.88333	0.19808
99.88333	0.20629
99.86667	0.19647
99.86667	0.20307
99.85000	0.20404
99.83333	0.21048
99.80000	0.21225
99.76667	0.21113
99.71667	0.20597
99.63333	0.20662
99.51667	0.18584
99.38333	0.16796
99.25000	0.18487
99.10000	0.18326
98.96667	0.17021
98.88333	0.18970
98.81667	0.20807
98.78333	0.22160
98.75000	0.21580
98.71667	0.20807
98.70000	0.20662
98.66667	0.20291
98.63333	0.20742
98.61667	0.21016
98.60000	0.20984
98.56667	0.20339
98.53333	0.20098
98.43333	0.20001
98.36667	0.17359
98.30000	0.11480
98.26667	0.11206
98.23333	0.11190
98.20000	0.11126
98.18333	0.12736
98.16667	0.13123
98.15000	0.13365
98.15000	0.16248
98.15000	0.16602
98.15000	0.19437
98.15000	0.20372
98.15000	0.21419
98.15000	0.20227
98.13333	0.20098
98.11667	0.20694
98.08333	0.19953
98.01667	0.20758
97.95000	0.21129
97.85000	0.21483
97.76667	0.20613
97.70000	0.21660
97.65000	0.21322
97.61667	0.21435
97.58333	0.21741
97.55000	0.20823
97.50000	0.21564
97.43333	0.21242
97.38333	0.21950
97.31667	0.22127
97.25000	0.22063
97.18333	0.21676
97.10000	0.21983
97.01667	0.21531
96.91667	0.22434
96.81667	0.23126
96.71667	0.22369
96.60000	0.21886
96.48333	0.22337
96.40000	0.23497
96.31667	0.22562
96.23333	0.22192
96.16667	0.22192
96.08333	0.23110
96.03333	0.22482
95.95000	0.23013
95.86667	0.23336
95.80000	0.22820
95.75000	0.23851
95.70000	0.22933
95.65000	0.23545
95.58333	0.22723
95.53333	0.23513
95.48333	0.22997
95.45000	0.22482
95.38333	0.22901
95.31667	0.23674
95.25000	0.23126
95.20000	0.24592
95.16667	0.23013
95.15000	0.22933
95.13333	0.23142
95.10000	0.24286
95.06667	0.23561
95.03333	0.22063
94.98333	0.22885
94.93333	0.21725
94.90000	0.20968
94.85000	0.21612
94.80000	0.20694
94.76667	0.21693
94.75000	0.21999
94.71667	0.21515
94.68333	0.22208
94.66667	0.22385
94.66667	0.21805
94.65000	0.22031
94.61667	0.22498
94.58333	0.22740
94.56667	0.22337
94.53333	0.22337
94.50000	0.22466
94.48333	0.22981
94.45000	0.23819
94.40000	0.23239
94.36667	0.23481
94.31667	0.24383
94.23333	0.24060
94.15000	0.24737
94.08333	0.25059
94.00000	0.24673
93.93333	0.24560
93.88333	0.24028
93.85000	0.25156
93.78333	0.24963
93.73333	0.23867
93.70000	0.24302
93.68333	0.23448
93.65000	0.22434
93.63333	0.20162
93.61667	0.20066
93.58333	0.20372
93.55000	0.22595
93.53333	0.21838
93.50000	0.22337
93.45000	0.23545
93.40000	0.22804
93.35000	0.24205
93.33333	0.23336
93.28333	0.24383
93.23333	0.24544
93.16667	0.24286
93.11667	0.25462
93.08333	0.25349
93.05000	0.25848
93.01667	0.25124
92.96667	0.25639
92.93333	0.25945
92.90000	0.24946
92.88333	0.25043
92.86667	0.25414
92.83333	0.25204
92.80000	0.24560
92.78333	0.24737
92.76667	0.24737
92.71667	0.24125
92.66667	0.24673
92.58333	0.23803
92.48333	0.21564
92.36667	0.18133
92.25000	0.19808
92.15000	0.20758
92.08333	0.22160
92.05000	0.22981
92.01667	0.23030
91.96667	0.24205
91.88333	0.24383
91.78333	0.24270
91.71667	0.25124
91.65000	0.24930
91.58333	0.24318
91.50000	0.24979
91.43333	0.24689
91.35000	0.24383
91.28333	0.24930
91.21667	0.24689
91.15000	0.24238
91.11667	0.24656
91.10000	0.23207
91.08333	0.23223
91.08333	0.21564
91.08333	0.19969
91.06667	0.19276
91.05000	0.19357
91.05000	0.20356
91.03333	0.21419
91.01667	0.22595
91.00000	0.21693
90.98333	0.23078
90.95000	0.23658
90.90000	0.23400
90.83333	0.24254
90.76667	0.23996
90.65000	0.25639
90.58333	0.24399
90.51667	0.20420
90.43333	0.18100
90.36667	0.14234
90.31667	0.16216
90.28333	0.17198
90.21667	0.18825
90.13333	0.20291
90.06667	0.21048
89.98333	0.22095
89.90000	0.22707
89.81667	0.25091
89.75000	0.25768
89.70000	0.26444
89.66667	0.26751
89.63333	0.25993
89.58333	0.26799
89.53333	0.27024
89.46667	0.27298
89.40000	0.27669
89.31667	0.27266
89.21667	0.29135
89.13333	0.29022
89.03333	0.29731
88.93333	0.28684
88.81667	0.29070
88.71667	0.29344
88.63333	0.29247
88.55000	0.29070
88.48333	0.30359
88.43333	0.29118
88.36667	0.30327
88.30000	0.29344
88.20000	0.28941
88.13333	0.29602
88.08333	0.29312
88.01667	0.29086
87.98333	0.30133
87.95000	0.30182
87.91667	0.30327
87.88333	0.29344
87.86667	0.30230
87.83333	0.29924
87.76667	0.29328
87.65000	0.30616
87.55000	0.29876
87.46667	0.29972
87.40000	0.30842
87.33333	0.31196
87.25000	0.30262
87.20000	0.30858
87.15000	0.28716
87.10000	0.30391
87.05000	0.31003
87.00000	0.30455
86.93333	0.31196
86.85000	0.30923
86.76667	0.30810
86.68333	0.27749
86.61667	0.26622
86.53333	0.27636
86.43333	0.27894
86.35000	0.25929
86.28333	0.25687
86.23333	0.26396
86.20000	0.25993
86.15000	0.26783
86.08333	0.29135
86.01667	0.29424
85.96667	0.30117
85.88333	0.31164
85.78333	0.30826
85.70000	0.31664
85.63333	0.32598
85.53333	0.31825
85.45000	0.32759
85.41667	0.33822
85.38333	0.33226
85.38333	0.32163
85.36667	0.32421
85.35000	0.29408
85.35000	0.28216
85.31667	0.28023
85.30000	0.30133
85.28333	0.29827
85.25000	0.29586
85.21667	0.30117
85.20000	0.29698
85.15000	0.31470
85.08333	0.32888
85.01667	0.34273
84.98333	0.32598
84.95000	0.32324
84.93333	0.32453
84.86667	0.33387
84.81667	0.33081
84.76667	0.32984
84.71667	0.33709
84.66667	0.32678
84.58333	0.33017
84.45000	0.32292
84.33333	0.32147
84.23333	0.31728
84.15000	0.27121
84.08333	0.27669
84.06667	0.26767
84.01667	0.28281
84.00000	0.29698
83.98333	0.29376
83.96667	0.29779
83.91667	0.29859
83.85000	0.31583
83.75000	0.31599
83.65000	0.32098
83.53333	0.32920
83.43333	0.34160
83.33333	0.34547
83.26667	0.33806
83.18333	0.35223
83.11667	0.35336
83.03333	0.34837
82.95000	0.35626
82.86667	0.35723
82.81667	0.33693
82.76667	0.33355
82.73333	0.33806
82.71667	0.32984
82.66667	0.33725
82.61667	0.32888
82.58333	0.33178
82.55000	0.32968
82.50000	0.33178
82.46667	0.32614
82.41667	0.36367
82.31667	0.35691
82.25000	0.33387
82.18333	0.34048
82.13333	0.34966
82.08333	0.34321
82.05000	0.35046
82.03333	0.34289
82.00000	0.33323
81.95000	0.33274
81.88333	0.33435
81.85000	0.32872
81.80000	0.32066
81.75000	0.32179
81.71667	0.31051
81.66667	0.34209
81.63333	0.34273
81.58333	0.34644
81.51667	0.35272
81.45000	0.34209
81.38333	0.34257
81.33333	0.34482
81.28333	0.34128
81.23333	0.31647
81.20000	0.31921
81.16667	0.33162
81.13333	0.33258
81.11667	0.32743
81.10000	0.33419
81.08333	0.34772
81.05000	0.33951
81.00000	0.35610
80.95000	0.36609
80.86667	0.36367
80.80000	0.37446
80.75000	0.36528
80.71667	0.36077
80.68333	0.36818
80.63333	0.36625
80.55000	0.35787
80.46667	0.36287
80.36667	0.37060
80.26667	0.37704
80.15000	0.38139
80.06667	0.38493
80.00000	0.37527
79.91667	0.37769
79.86667	0.37285
79.81667	0.38558
79.76667	0.37833
79.71667	0.38928
79.66667	0.38268
79.61667	0.39573
79.53333	0.39895
79.46667	0.38993
79.40000	0.40265
79.33333	0.39718
79.26667	0.39218
79.20000	0.40555
79.11667	0.39846
79.03333	0.40024
78.96667	0.40136
78.88333	0.40604
78.81667	0.39605
78.76667	0.38848
78.70000	0.36013
78.61667	0.33307
78.53333	0.32517
78.46667	0.33129
78.41667	0.32163
78.36667	0.31776
78.33333	0.33049
78.30000	0.34015
78.28333	0.34772
78.26667	0.34676
78.26667	0.34289
78.26667	0.35884
78.26667	0.35707
78.23333	0.37269
78.11667	0.36480
78.01667	0.37366
77.93333	0.36593
77.81667	0.33484
77.71667	0.31873
77.63333	0.31051
77.58333	0.30262
77.56667	0.28281
77.53333	0.28909
77.50000	0.28732
77.48333	0.29392
77.45000	0.32936
77.41667	0.37607
77.33333	0.39879
77.23333	0.40620
77.11667	0.39895
77.01667	0.40442
76.93333	0.40700
76.86667	0.41119
76.81667	0.41103
76.75000	0.39250
76.70000	0.40555
76.65000	0.40056
76.61667	0.40797
76.58333	0.41763
76.53333	0.42247
76.48333	0.42714
76.41667	0.43406
76.35000	0.43358
76.26667	0.43857
76.20000	0.44115
76.11667	0.44357
76.05000	0.43890
75.98333	0.44598
75.93333	0.44711
75.88333	0.45194
75.81667	0.44308
75.78333	0.44244
75.75000	0.44969
75.71667	0.43938
75.70000	0.44163
75.65000	0.44502
75.60000	0.45436
75.55000	0.43857
75.50000	0.44518
75.41667	0.45855
75.35000	0.44969
75.30000	0.46322
75.28333	0.45436
75.25000	0.44824
75.20000	0.44776
75.16667	0.45500
75.13333	0.44614
75.10000	0.44614
75.03333	0.45033
74.98333	0.46322
74.91667	0.46419
74.85000	0.46370
74.76667	0.46080
74.70000	0.46290
74.60000	0.45694
74.55000	0.45307
74.50000	0.45871
74.43333	0.46032
74.38333	0.46241
74.35000	0.45758
74.31667	0.46467
74.26667	0.46982
74.20000	0.45871
74.13333	0.44969
74.06667	0.43874
74.00000	0.44856
73.91667	0.46934
73.85000	0.46837
73.76667	0.46886
73.68333	0.47401
73.58333	0.47627
73.51667	0.47015
73.41667	0.47111
73.36667	0.47820
73.31667	0.48126
73.26667	0.47965
73.21667	0.47450
73.15000	0.48980
73.06667	0.48883
72.96667	0.49157
72.83333	0.47272
72.70000	0.46483
72.60000	0.42037
72.50000	0.39122
72.40000	0.26944
72.33333	0.16361
72.26667	0.12817
72.21667	0.19276
72.15000	0.15443
72.11667	0.15491
72.06667	0.13526
72.01667	0.11850
71.93333	0.23883
71.86667	0.44743
71.80000	0.50510
71.73333	0.50736
71.66667	0.50430
71.63333	0.50832
71.58333	0.51444
71.53333	0.50268
71.50000	0.51299
71.48333	0.50881
71.45000	0.50204
71.43333	0.50719
71.41667	0.50655
71.40000	0.51380
71.38333	0.51718
71.35000	0.52153
71.33333	0.52040
71.30000	0.51396
71.25000	0.51912
71.20000	0.51734
71.11667	0.50639
71.05000	0.51960
70.98333	0.51251
70.93333	0.51493
70.86667	0.51895
70.78333	0.51622
70.70000	0.52508
70.65000	0.52218
70.60000	0.53281
70.51667	0.54376
70.45000	0.54070
70.40000	0.53490
70.36667	0.53442
70.31667	0.52701
70.26667	0.52975
70.23333	0.53345
70.18333	0.51509
70.15000	0.51847
70.10000	0.54650
70.03333	0.53716
70.00000	0.52942
69.93333	0.53377
69.81667	0.54279
69.70000	0.52685
69.60000	0.51460
69.48333	0.50333
69.41667	0.49737
69.38333	0.49737
69.35000	0.51444
69.33333	0.51154
69.33333	0.51718
69.31667	0.53667
69.28333	0.53571
69.23333	0.54070
69.20000	0.55407
69.15000	0.55536
69.10000	0.54779
69.06667	0.55423
69.05000	0.54892
69.01667	0.54682
69.00000	0.55777
68.96667	0.55858
68.93333	0.56357
68.88333	0.55810
68.86667	0.55874
68.83333	0.56889
68.78333	0.56615
68.73333	0.57582
68.65000	0.58274
68.60000	0.57356
68.56667	0.57678
68.51667	0.57823
68.48333	0.57356
68.46667	0.58274
68.43333	0.58129
68.36667	0.57276
68.30000	0.57630
68.21667	0.58339
68.11667	0.57565
68.01667	0.57646
67.91667	0.58161
67.85000	0.58451
67.75000	0.58564
67.66667	0.59402
67.56667	0.59257
67.50000	0.59885
67.40000	0.59482
67.30000	0.61125
67.20000	0.60433
67.05000	0.61834
66.91667	0.61254
66.80000	0.61383
66.65000	0.61109
66.51667	0.58741
66.38333	0.59933
66.26667	0.61625
66.18333	0.61480
66.10000	0.61286
66.05000	0.61657
66.00000	0.62881
65.98333	0.62736
65.96667	0.62656
65.95000	0.63606
65.90000	0.63284
65.86667	0.63767
65.83333	0.62752
65.80000	0.62720
65.75000	0.63300
65.70000	0.63638
65.65000	0.64057
65.60000	0.63236
65.51667	0.63896
65.40000	0.63654
65.28333	0.63364
65.18333	0.63815
65.08333	0.64347
65.00000	0.64798
64.90000	0.62366
64.81667	0.61093
64.71667	0.62801
64.65000	0.62253
64.60000	0.63107
64.53333	0.65007
64.48333	0.64975
64.41667	0.65732
64.35000	0.66151
64.28333	0.65491
64.21667	0.66667
64.16667	0.67021
64.11667	0.66167
64.05000	0.64073
63.98333	0.59031
63.91667	0.47627
63.85000	0.32211
63.75000	-0.00118
63.65000	0.04231
63.51667	0.06019
63.46667	0.08677
63.35000	0.17875
63.25000	0.31535
63.16667	0.27040
63.08333	0.22595
62.98333	0.58564
62.95000	0.63300
62.93333	0.64846
62.90000	0.65555
62.86667	0.65072
62.85000	0.65748
62.81667	0.68938
62.76667	0.70790
62.73333	0.68922
62.70000	0.64492
62.65000	0.64073
62.60000	0.60771
62.51667	0.61045
62.43333	0.63880
62.33333	0.66361
62.25000	0.66699
62.16667	0.68696
62.08333	0.67601
62.05000	0.64991
62.00000	0.66924
61.96667	0.68680
61.93333	0.68229
61.91667	0.69389
61.88333	0.70468
61.85000	0.69131
61.83333	0.69759
61.81667	0.69985
61.80000	0.70629
61.80000	0.69502
61.78333	0.69147
61.76667	0.70323
61.75000	0.69373
61.71667	0.69115
61.70000	0.68841
61.66667	0.69647
61.63333	0.70049
61.58333	0.69920
61.53333	0.70984
61.46667	0.70291
61.36667	0.70484
61.28333	0.70806
61.23333	0.70645
61.15000	0.71676
61.10000	0.69937
61.05000	0.68648
61.00000	0.69389
60.96667	0.69051
60.95000	0.69808
60.90000	0.71499
60.85000	0.72127
60.78333	0.73319
60.73333	0.72772
60.68333	0.72949
60.63333	0.72353
60.56667	0.73706
60.51667	0.73496
60.46667	0.73335
60.41667	0.73690
60.36667	0.74270
60.31667	0.72868
60.26667	0.73062
60.21667	0.73271
60.16667	0.73480
60.13333	0.74350
60.10000	0.74270
60.06667	0.75107
60.01667	0.76557
59.98333	0.76509
59.95000	0.76396
59.91667	0.76283
59.90000	0.76042
59.88333	0.76493
59.86667	0.77781
59.85000	0.76364
59.81667	0.76992
59.78333	0.76042
59.76667	0.76315
59.73333	0.75333
59.66667	0.73690
59.58333	0.72176
59.50000	0.73190
59.41667	0.75574
59.33333	0.75752
59.26667	0.77975
59.20000	0.75623
59.15000	0.77072
59.10000	0.76106
59.01667	0.76783
58.91667	0.77121
58.85000	0.78442
58.76667	0.78554
58.68333	0.78361
58.58333	0.72514
58.51667	0.74060
58.45000	0.75349
58.38333	0.75993
58.33333	0.70210
58.30000	0.70822
58.26667	0.72643
58.23333	0.73013
58.20000	0.76638
58.15000	0.78313
58.10000	0.79666
58.08333	0.79360
58.01667	0.80375
57.91667	0.79569
57.86667	0.80761
57.80000	0.83097
57.73333	0.82678
57.70000	0.83306
57.70000	0.82533
57.70000	0.82243
57.70000	0.82517
57.70000	0.83000
57.68333	0.83065
57.68333	0.82227
57.66667	0.81615
57.66667	0.81261
57.66667	0.81067
57.65000	0.79924
57.65000	0.80648
57.63333	0.79908
57.61667	0.80181
57.55000	0.80955
57.45000	0.82710
57.35000	0.82501
57.21667	0.83355
57.10000	0.83177
57.01667	0.83049
56.93333	0.84595
56.85000	0.83387
56.76667	0.81744
56.66667	0.79215
56.48333	0.73996
56.26667	0.65587
56.05000	0.53087
55.78333	0.57179
55.56667	0.79601
55.35000	0.77250
55.18333	0.77072
55.03333	0.84386
54.86667	0.84289
54.66667	0.87092
54.48333	0.92794
54.36667	0.91199
54.26667	0.89991
54.15000	0.90394
54.03333	0.84112
53.96667	0.76638
53.86667	0.73545
53.73333	0.69856
53.61667	0.80632
53.51667	0.97143
53.35000	0.86753
53.21667	0.64009
53.10000	0.70130
52.98333	0.76911
52.91667	0.82034
52.90000	0.87849
52.88333	0.89734
52.86667	0.90990
52.85000	0.95323
52.85000	0.96644
52.83333	0.97337
52.80000	0.97498
52.76667	0.96563
52.73333	0.96386
52.68333	0.97320
52.60000	0.96644
52.48333	0.97111
52.38333	0.98802
52.31667	0.99350
52.25000	0.99721
52.15000	1.00043
52.08333	0.99060
52.01667	0.99608
51.98333	0.99994
51.91667	1.01654
51.88333	0.99753
51.85000	0.99318
51.81667	1.00027
51.78333	0.99930
51.75000	1.00204
51.71667	1.00365
51.66667	1.01283
51.60000	1.02443
51.51667	1.02958
51.41667	1.03828
51.33333	1.04263
51.28333	1.03941
51.25000	1.03796
51.13333	1.04247
51.11667	1.03329
51.10000	1.04166
51.06667	1.04070
51.03333	1.03522
51.00000	1.02185
50.98333	1.02652
50.96667	1.02894
50.93333	1.04408
50.88333	1.02701
50.83333	1.03264
50.78333	1.03748
50.70000	1.03909
50.61667	1.01589
50.50000	1.02201
50.40000	1.03023
50.30000	1.04102
50.18333	1.04682
50.10000	1.05520
49.98333	1.06550
49.88333	1.07114
49.76667	1.07952
49.65000	1.06695
49.55000	1.05020
49.50000	1.04972
49.43333	1.04408
49.38333	1.01879
49.28333	0.99286
49.18333	0.99141
49.08333	1.05777
48.93333	1.01203
48.75000	0.90442
48.63333	0.96128
48.48333	1.05197
48.38333	1.09192
48.30000	1.10561
48.16667	1.08693
48.05000	1.07179
47.96667	1.15378
47.88333	1.14943
47.81667	1.15329
47.71667	1.15877
47.60000	1.15813
47.46667	1.16892
47.33333	1.17585
47.20000	1.12559
47.10000	1.12720
47.05000	1.14105
47.01667	1.15877
46.98333	1.18696
46.95000	1.18857
46.91667	1.18277
46.86667	1.18503
46.80000	1.18680
46.71667	1.20081
46.65000	1.21096
46.61667	1.20983
46.60000	1.20951
46.58333	1.21418
46.53333	1.22014
46.43333	1.24060
46.30000	1.23416
46.18333	1.23545
46.10000	1.23915
45.98333	1.20516
45.88333	1.18003
45.78333	1.08709
45.70000	1.04328
45.63333	1.01058
45.56667	1.01911
45.51667	1.00558
45.48333	1.03860
45.46667	1.03522
45.43333	1.05536
45.41667	1.17423
45.38333	1.20871
45.35000	1.26380
45.33333	1.25832
45.31667	1.25832
45.28333	1.26283
45.25000	1.25880
45.21667	1.26009
45.20000	1.27346
45.18333	1.26396
45.16667	1.26460
45.16667	1.26364
45.16667	1.26219
45.16667	1.26992
45.16667	1.26057
45.16667	1.25961
45.16667	1.25542
45.16667	1.25526
45.16667	1.25993
45.16667	1.25945
45.16667	1.25864
45.16667	1.26202
45.16667	1.26589
45.16667	1.26798
45.16667	1.27024
45.16667	1.26621
45.16667	1.27749
45.16667	1.26686
45.16667	1.26702
45.16667	1.27153
45.16667	1.26605
45.16667	1.27829
45.16667	1.27169
45.16667	1.28087
45.16667	1.27910
45.15000	1.28441
45.15000	1.27652
45.15000	1.28152
45.15000	1.28232
45.15000	1.28232
45.15000	1.28297
45.15000	1.27862
45.15000	1.28345
45.15000	1.27507
45.15000	1.27797
45.15000	1.28103
45.15000	1.28039
45.15000	1.27427
45.15000	1.27652
45.15000	1.27024
45.13333	1.27604
45.13333	1.27749
45.13333	1.28039
45.13333	1.28280
45.13333	1.28683
45.11667	1.28425
45.10000	1.28135
45.05000	1.29634
44.95000	1.30246
44.81667	1.30342
44.70000	1.27266
44.60000	1.23673
44.48333	1.23706
44.36667	1.32936
44.28333	1.32936
44.21667	1.33435
44.16667	1.33725
44.13333	1.33773
44.10000	1.33354
44.06667	1.34257
44.05000	1.33838
44.03333	1.31905
44.00000	1.21692
43.98333	1.21579
43.98333	1.21918
43.98333	1.23061
43.96667	1.24253
43.96667	1.25510
43.96667	1.25719
43.96667	1.26637
43.96667	1.29682
43.95000	1.33016
43.93333	1.33580
43.90000	1.34160
43.85000	1.34869
43.78333	1.35304
43.68333	1.35867
43.58333	1.35320
43.50000	1.35626
43.41667	1.36914
43.35000	1.37430
43.26667	1.38735
43.15000	1.38896
43.05000	1.39443
42.96667	1.40507
42.91667	1.40603
42.90000	1.40877
42.88333	1.41038
42.85000	1.40668
42.83333	1.40764
42.78333	1.39218
42.76667	1.38735
42.73333	1.39234
42.71667	1.39218
42.70000	1.39170
42.68333	1.39637
42.68333	1.39621
42.66667	1.39025
42.66667	1.39540
42.65000	1.39878
42.63333	1.39911
42.61667	1.39782
42.61667	1.39733
42.60000	1.40072
42.58333	1.40104
42.55000	1.40168
42.51667	1.40378
42.48333	1.40652
42.45000	1.41086
42.40000	1.41280
42.36667	1.42343
42.31667	1.43164
42.26667	1.41699
42.21667	1.41054
42.15000	1.41908
42.10000	1.42005
42.06667	1.42166
42.00000	1.42230
41.95000	1.43793
41.88333	1.44711
41.83333	1.44002
41.80000	1.44421
41.76667	1.44437
41.71667	1.44695
41.66667	1.45226
41.58333	1.45919
41.50000	1.46209
41.40000	1.46531
41.30000	1.47707
41.21667	1.47739
41.16667	1.48657
41.11667	1.48158
41.06667	1.48802
40.98333	1.49028
40.91667	1.49237
40.85000	1.49753
40.76667	1.51186
40.70000	1.51235
40.63333	1.51686
40.60000	1.51863
40.55000	1.52282
40.51667	1.52153
40.50000	1.50381
40.48333	1.48722
40.46667	1.48158
40.45000	1.47804
40.43333	1.47465
40.43333	1.48029
40.41667	1.47739
40.41667	1.48448
40.40000	1.48061
40.40000	1.47546
40.38333	1.46692
40.38333	1.46628
40.38333	1.47014
40.36667	1.47642
40.36667	1.48238
40.35000	1.48851
40.35000	1.49269
40.33333	1.49431
40.33333	1.49527
40.31667	1.48673
40.31667	1.48271
40.31667	1.48963
40.31667	1.48238
40.31667	1.42150
40.33333	1.32678
40.33333	1.31615
40.33333	1.30777
40.33333	1.31003
40.33333	1.31051
40.33333	1.31663
40.33333	1.30954
40.33333	1.24092
40.35000	1.38847
40.35000	1.39266
40.35000	1.39137
40.35000	1.39041
40.35000	1.38751
40.35000	1.38799
40.35000	1.38928
40.35000	1.39041
40.35000	1.39025
40.35000	1.38847
40.35000	1.38880
40.35000	1.38928
40.35000	1.38896
40.35000	1.38670
40.35000	1.38831
40.35000	1.38799
40.35000	1.38847
40.35000	1.38525
40.35000	1.38831
40.35000	1.38976
40.35000	1.38767
40.35000	1.38670
40.35000	1.38638
40.35000	1.38670
40.35000	1.38461
40.35000	1.38686
40.35000	1.38702
40.35000	1.38541
40.35000	1.38251
40.35000	1.38445
40.35000	1.38557
40.35000	1.38719
40.35000	1.38735
40.35000	1.38139
40.35000	1.38751
40.35000	1.38606
40.35000	1.38509
40.35000	1.38638
40.35000	1.38493
40.35000	1.38106
40.35000	1.38348
40.35000	1.38783
40.35000	1.38396
40.35000	1.38574
40.35000	1.38074
40.35000	1.38928
40.35000	1.38799
40.35000	1.38735
40.35000	1.38477
40.35000	1.38557
40.35000	1.38751
40.35000	1.38638
40.35000	1.38332
40.35000	1.38461
40.35000	1.38557
40.35000	1.38300
40.36667	1.38783
40.36667	1.38412
40.36667	1.38332
40.36667	1.38477
40.36667	1.38316
40.36667	1.38606
40.36667	1.38799
40.36667	1.38300
40.36667	1.38541
40.36667	1.38557
40.36667	1.38187
40.36667	1.38493
40.36667	1.38767
40.36667	1.38590