Polarization of Light 'Brewsters' Data File Tue, Feb 07, 2023 11:33 AM
Sensor Position (Degrees)	Light Intensity (Volts)
180.00000	0.00865
180.00000	0.01074
180.00000	0.00784
180.00000	0.01074
180.00000	0.01493
180.00000	0.01203
180.00000	0.01026
180.00000	0.01251
180.00000	0.00591
180.00000	0.00961
180.00000	0.01010
180.00000	0.00897
180.00000	0.01316
180.00000	0.00977
180.00000	0.00881
180.00000	0.00768
180.00000	0.00639
180.00000	0.01026
180.00000	0.01074
180.00000	0.00832
180.00000	0.00720
180.00000	0.00897
180.00000	0.01058
180.00000	0.01493
180.00000	0.00865
180.00000	0.01171
180.00000	0.00220
180.00000	0.00462
180.00000	0.00446
180.00000	0.00430
180.00000	0.00784
180.00000	0.01718
180.00000	0.00881
180.00000	0.01364
180.00000	0.01171
180.00000	0.00688
180.00000	0.01284
180.00000	0.00865
180.00000	0.00688
180.00000	0.01058
179.98333	0.00188
179.98333	0.00510
179.98333	0.01316
179.98333	0.03184
179.98333	0.02782
179.98333	0.03410
179.98333	0.04054
179.98333	0.03458
179.98333	0.02991
179.98333	0.03168
179.98333	0.02508
179.98333	0.03104
179.98333	0.03072
179.96667	0.03281
179.96667	0.02959
179.96667	0.03265
179.95000	0.02782
179.95000	0.02331
179.95000	0.00478
179.95000	0.00269
179.95000	0.00220
179.90000	0.01235
179.66667	0.03184
179.33333	0.03394
179.20000	0.03265
179.11667	0.02814
179.10000	0.03506
179.05000	0.03200
178.93333	0.03378
178.83333	0.03249
178.68333	0.03039
178.60000	0.03394
178.51667	0.03136
178.45000	0.03555
178.35000	0.03313
178.23333	0.03571
178.10000	0.03474
177.95000	0.03184
177.76667	0.03361
177.58333	0.03410
177.40000	0.03088
177.23333	0.03055
177.06667	0.03200
176.90000	0.03104
176.76667	0.03345
176.65000	0.03152
176.53333	0.03168
176.41667	0.03249
176.30000	0.03345
176.16667	0.02717
176.03333	0.03007
175.90000	0.03023
175.76667	0.03313
175.65000	0.02814
175.51667	0.03313
175.35000	0.02186
175.23333	0.01203
175.10000	0.00881
175.00000	0.01139
174.91667	0.00897
174.85000	0.01090
174.76667	0.01686
174.68333	0.01638
174.58333	0.02073
174.48333	0.01509
174.41667	0.01815
174.31667	0.02798
174.23333	0.01638
174.15000	0.01880
174.08333	0.01509
174.03333	0.01332
173.95000	0.00430
173.88333	0.00285
173.81667	0.00671
173.73333	0.00253
173.65000	0.00897
173.56667	0.01235
173.51667	0.01380
173.45000	0.01606
173.40000	0.01428
173.35000	0.01477
173.28333	0.01670
173.21667	0.01251
173.15000	0.01735
173.06667	0.01509
172.98333	0.01863
172.88333	0.01541
172.76667	0.01751
172.65000	0.01251
172.46667	0.01541
172.26667	0.00381
172.08333	-0.00070
171.90000	0.00945
171.71667	-0.00198
171.56667	0.00317
171.45000	0.00784
171.35000	0.00027
171.25000	0.00027
171.16667	0.03023
171.06667	0.01702
171.00000	0.01251
170.93333	0.01493
170.85000	0.01380
170.78333	0.01412
170.70000	0.01412
170.65000	0.01670
170.60000	0.01428
170.53333	0.01767
170.46667	0.01525
170.40000	0.01509
170.31667	0.01380
170.23333	0.01525
170.16667	0.01139
170.11667	0.01090
170.06667	0.01412
169.98333	0.01412
169.88333	0.01235
169.76667	0.01477
169.65000	0.01284
169.55000	0.01525
169.45000	0.00897
169.36667	0.00897
169.28333	0.00865
169.15000	0.01509
169.01667	0.01219
168.88333	0.01364
168.75000	0.01477
168.63333	0.01461
168.48333	0.01122
168.38333	0.01316
168.26667	0.01477
168.15000	0.01428
168.03333	0.01428
167.93333	0.01477
167.88333	0.01525
167.80000	0.01284
167.73333	0.01332
167.66667	0.01396
167.58333	0.00671
167.51667	0.00800
167.45000	0.00623
167.40000	0.00430
167.33333	0.00816
167.25000	0.00575
167.16667	0.01010
167.06667	0.00881
167.00000	0.00881
166.93333	0.01235
166.85000	0.00945
166.78333	0.01284
166.73333	0.00865
166.65000	0.01171
166.58333	0.01074
166.48333	0.01364
166.38333	0.01316
166.28333	0.01074
166.20000	0.00446
166.10000	0.00768
166.01667	0.00704
165.93333	0.00994
165.85000	0.00800
165.78333	0.01155
165.68333	0.00977
165.55000	0.00301
165.43333	0.00253
165.31667	0.00333
165.20000	0.00269
165.08333	0.00559
164.96667	0.00188
164.85000	0.00381
164.73333	0.00688
164.63333	0.00881
164.51667	0.00704
164.38333	0.00849
164.23333	0.00430
164.10000	0.01026
163.98333	0.01010
163.85000	0.01010
163.73333	0.00784
163.61667	0.00881
163.50000	0.00929
163.40000	0.00623
163.28333	0.00816
163.18333	0.00816
163.08333	0.01139
162.98333	0.00881
162.88333	0.00704
162.75000	0.00752
162.63333	0.01155
162.51667	0.00832
162.40000	0.00204
162.30000	0.00591
162.21667	0.00478
162.11667	0.00623
162.05000	0.00929
162.00000	0.00607
161.93333	0.00623
161.88333	0.00317
161.81667	0.00333
161.75000	0.00108
161.66667	0.00462
161.58333	0.00333
161.51667	0.00253
161.43333	0.00720
161.36667	0.00816
161.30000	0.00720
161.23333	0.00865
161.18333	0.00720
161.11667	0.00591
161.03333	0.00736
160.95000	0.00349
160.85000	0.00543
160.76667	0.00494
160.66667	0.00688
160.58333	0.00349
160.50000	0.00800
160.41667	0.00865
160.33333	0.00945
160.26667	0.00688
160.20000	0.01155
160.13333	0.00671
160.05000	0.00623
159.96667	0.00301
159.90000	0.00704
159.83333	0.00510
159.76667	0.00945
159.70000	0.00462
159.65000	0.00220
159.61667	0.00671
159.58333	0.00285
159.55000	0.00349
159.50000	0.00655
159.41667	0.00510
159.33333	0.00832
159.26667	0.00349
159.18333	0.00446
159.08333	0.00510
158.96667	0.00688
158.86667	0.00607
158.78333	0.00398
158.71667	0.00462
158.65000	0.00478
158.58333	0.00349
158.53333	0.00526
158.46667	0.00317
158.38333	0.00381
158.31667	0.00398
158.25000	0.00575
158.18333	0.00333
158.08333	0.00510
157.98333	0.00398
157.88333	0.00398
157.75000	0.00236
157.61667	-0.00005
157.46667	-0.00021
157.30000	-0.00005
157.16667	0.00092
157.08333	0.00253
157.00000	0.00253
156.93333	0.00317
156.85000	0.00027
156.78333	0.00220
156.71667	0.00204
156.66667	0.00172
156.63333	0.00365
156.61667	0.00220
156.58333	0.00414
156.55000	0.00398
156.51667	0.00253
156.46667	0.00398
156.40000	0.00430
156.31667	0.00188
156.20000	0.00510
156.05000	0.00108
155.93333	0.00559
155.85000	0.00301
155.78333	0.00430
155.73333	0.00398
155.66667	0.00317
155.60000	0.00446
155.51667	0.00414
155.40000	0.00381
155.31667	0.00236
155.23333	0.00349
155.15000	0.00301
155.06667	0.00381
155.00000	0.00543
154.95000	0.00269
154.86667	0.00204
154.75000	0.00430
154.65000	0.00124
154.56667	0.00317
154.50000	0.00333
154.41667	0.00317
154.35000	0.00381
154.28333	0.00236
154.25000	0.00494
154.23333	0.00365
154.20000	0.00494
154.16667	0.00494
154.11667	0.00349
154.08333	0.00559
154.05000	0.00220
153.98333	0.00607
153.90000	0.00285
153.83333	0.00381
153.75000	0.00575
153.66667	0.00285
153.58333	0.00526
153.50000	0.00156
153.43333	0.00317
153.33333	0.00398
153.23333	0.00156
153.10000	0.00414
153.00000	0.00591
152.93333	0.00398
152.88333	0.00381
152.85000	0.00365
152.80000	0.00301
152.73333	0.00236
152.65000	0.00462
152.55000	0.00736
152.46667	0.00285
152.36667	0.00236
152.28333	0.00510
152.21667	0.00349
152.13333	0.00124
152.05000	0.00478
151.98333	0.00349
151.91667	0.00414
151.88333	0.00156
151.85000	0.00365
151.81667	0.00156
151.78333	0.00736
151.75000	0.00108
151.70000	0.00446
151.61667	0.00285
151.53333	0.00220
151.46667	0.00156
151.41667	0.00220
151.33333	0.00269
151.20000	0.00333
151.03333	0.00381
150.90000	0.00285
150.75000	0.00349
150.61667	0.00349
150.48333	0.00381
150.35000	0.00510
150.23333	0.00156
150.13333	0.00510
150.03333	0.00124
149.95000	0.00526
149.88333	0.00349
149.83333	0.00349
149.73333	0.00269
149.63333	0.00253
149.50000	0.00478
149.43333	0.00140
149.35000	0.00253
149.25000	0.00285
149.15000	0.00317
149.00000	0.00301
148.86667	0.00349
148.76667	0.00365
148.65000	0.00333
148.56667	0.00317
148.50000	0.00269
148.43333	0.00414
148.36667	0.00381
148.26667	0.00269
148.16667	0.00140
148.03333	0.00285
147.91667	0.00172
147.78333	0.00430
147.63333	0.00317
147.51667	0.00172
147.41667	0.00236
147.31667	0.00398
147.21667	0.00027
147.11667	0.00462
147.03333	0.00253
146.93333	0.00430
146.80000	0.00478
146.65000	0.00301
146.48333	0.00478
146.33333	0.00156
146.18333	0.00478
146.06667	0.00140
145.98333	0.00333
145.90000	0.00478
145.81667	0.00301
145.70000	0.00285
145.56667	0.00333
145.45000	0.00172
145.33333	0.00301
145.16667	0.00462
144.93333	0.00349
144.73333	0.00365
144.56667	0.00172
144.41667	0.00172
144.30000	0.00253
144.16667	0.00333
144.03333	0.00204
143.93333	0.00108
143.81667	0.00269
143.73333	0.00269
143.66667	0.00349
143.60000	0.00204
143.56667	0.00365
143.50000	0.00349
143.40000	0.00236
143.31667	0.00075
143.18333	0.00365
143.08333	0.00027
143.00000	0.00220
142.91667	0.00027
142.81667	0.00317
142.71667	0.00172
142.60000	0.00172
142.50000	0.00220
142.40000	0.00204
142.31667	0.00253
142.21667	0.00172
142.11667	0.00285
142.05000	0.00365
141.98333	0.00253
141.90000	0.00398
141.80000	0.00124
141.66667	0.00398
141.55000	0.00140
141.46667	0.00236
141.38333	0.00188
141.31667	0.00269
141.25000	0.00269
141.16667	0.00204
141.08333	0.00301
141.00000	0.00188
140.90000	0.00140
140.81667	0.00172
140.71667	0.00172
140.60000	0.00220
140.41667	0.00156
140.20000	0.00253
139.96667	0.00253
139.78333	0.00188
139.66667	0.00365
139.58333	0.00349
139.50000	0.00156
139.43333	0.00124
139.36667	0.00204
139.28333	0.00301
139.21667	0.00108
139.11667	0.00220
139.00000	0.00092
138.88333	0.00059
138.78333	0.00140
138.71667	0.00092
138.68333	0.00108
138.63333	0.00108
138.58333	0.00365
138.48333	0.00092
138.36667	0.00236
138.25000	0.00253
138.10000	0.00333
137.96667	0.00043
137.86667	0.00430
137.76667	0.00156
137.63333	0.00236
137.51667	0.84241
137.41667	0.00398
137.31667	0.78393
137.23333	0.00430
137.16667	0.63107
137.10000	0.00398
137.01667	0.08419
136.95000	-0.00215
136.86667	0.43890
136.75000	0.00172
136.65000	0.67794
136.55000	0.00236
136.43333	0.00043
136.33333	0.00059
136.21667	0.03861
136.13333	0.00285
136.05000	0.00108
135.98333	0.00220
135.91667	0.00220
135.85000	0.00108
135.78333	0.00108
135.73333	0.00365
135.65000	0.00124
135.53333	0.00204
135.40000	0.00349
135.30000	0.00172
135.21667	0.00285
135.15000	0.00253
135.06667	0.75478
135.00000	0.00559
134.91667	-0.00166
134.78333	0.00301
134.61667	-0.00166
134.48333	0.07807
134.38333	-0.00150
134.28333	0.14073
134.18333	-0.00150
134.10000	0.00333
134.01667	-0.00215
133.93333	0.00172
133.86667	0.06486
133.80000	-0.00166
133.73333	0.41683
133.66667	0.00317
133.56667	0.67859
133.43333	0.00188
133.26667	0.06776
133.13333	-0.00150
133.00000	0.07823
132.88333	-0.00166
132.75000	0.00301
132.61667	0.77507
132.48333	0.00253
132.38333	0.75768
132.30000	0.00236
132.21667	0.06954
132.15000	-0.00102
132.10000	0.08113
132.03333	-0.00134
131.96667	0.08597
131.90000	-0.00263
131.81667	0.07179
131.73333	-0.00118
131.63333	0.08178
131.55000	-0.00215
131.48333	0.00510
131.41667	0.10787
131.36667	-0.00231
131.31667	0.04376
131.28333	-0.00102
131.25000	0.00156
131.18333	0.07340
131.11667	-0.00166
131.05000	0.43809
130.98333	0.00172
130.91667	0.63203
130.85000	0.00301
130.80000	0.65201
130.75000	0.00027
130.70000	0.66344
130.65000	0.00043
130.56667	0.64798
130.50000	0.00365
130.41667	0.63735
130.33333	0.00188
130.25000	0.70468
130.16667	0.00301
130.06667	0.61367
129.93333	0.00269
129.76667	0.65136
129.61667	0.00285
129.46667	0.65845
129.38333	0.00317
129.30000	0.62092
129.21667	0.00188
129.11667	0.64283
128.98333	0.00059
128.86667	0.64766
128.73333	-0.00134
128.60000	0.64170
128.50000	0.00204
128.40000	0.61786
128.31667	0.00253
128.25000	0.65974
128.15000	0.00092
128.05000	0.63542
127.91667	0.00108
127.75000	0.64621
127.63333	0.00301
127.51667	0.68100
127.41667	0.00027
127.35000	0.64991
127.30000	0.00092
127.26667	0.65394
127.23333	0.00285
127.21667	0.64347
127.18333	0.00365
127.11667	0.06503
127.05000	-0.00247
126.95000	0.00494
126.85000	0.08758
126.76667	-0.00215
126.68333	0.04247
126.60000	-0.00311
126.51667	0.07066
126.45000	-0.00086
126.36667	0.08806
126.28333	-0.00263
126.20000	0.00301
126.10000	0.08468
126.03333	-0.00198
125.98333	0.04135
125.96667	-0.00150
125.95000	0.00317
125.93333	0.09563
125.91667	-0.00311
125.88333	0.04070
125.86667	-0.00134
125.85000	0.07904
125.81667	-0.00086
125.78333	0.08468
125.71667	-0.00134
125.65000	0.08645
125.60000	-0.00150
125.53333	0.08258
125.46667	-0.00247
125.36667	0.07888
125.30000	-0.00118
125.23333	0.08581
125.15000	-0.00231
125.06667	0.00156
125.00000	0.07099
124.96667	-0.00134
124.90000	0.04151
124.85000	-0.00150
124.78333	0.00349
124.71667	0.08210
124.63333	-0.00247
124.55000	0.04119
124.46667	-0.00150
124.35000	0.00253
124.20000	0.79827
124.03333	0.00365
123.90000	0.65555
123.83333	0.00333
123.80000	0.80793
123.78333	0.00526
123.75000	0.10691
123.68333	-0.00070
123.60000	0.04199
123.51667	-0.00086
123.40000	0.00172
123.30000	0.07727
123.20000	-0.00070
123.13333	0.03668
123.06667	-0.00134
123.03333	0.00333
123.00000	0.09579
122.96667	-0.00247
122.93333	0.04457
122.86667	-0.00102
122.76667	0.00301
122.66667	0.07856
122.53333	-0.00118
122.38333	0.04392
122.28333	-0.00215
122.18333	0.00381
122.13333	0.07244
122.10000	-0.00182
122.05000	0.04167
121.98333	-0.00118
121.90000	0.00220
121.81667	0.77362
121.75000	0.00172
121.68333	0.47562
121.61667	0.00349
121.55000	0.66812
121.50000	0.00446
121.46667	0.09096
121.43333	-0.00118
121.41667	0.03877
121.41667	-0.00134
121.40000	0.00059
121.40000	0.10352
121.40000	-0.00086
121.40000	0.04392
121.40000	-0.00150
121.40000	0.00108
121.40000	0.65217
121.40000	0.00188
121.40000	0.58774
121.38333	0.00349
121.40000	0.06760
121.40000	-0.00295
121.40000	0.00929
121.38333	0.77523
121.36667	0.00285
121.33333	0.05375
121.31667	-0.00070
121.31667	0.00881
121.31667	0.05745
121.30000	-0.00215
121.28333	0.00849
121.21667	0.62317
121.15000	-0.00086
121.11667	0.00414
121.05000	0.05230
121.00000	-0.00182
120.95000	0.00639
120.81667	0.05633
120.63333	0.00043
120.40000	0.00897
120.16667	0.62205
119.91667	-0.00134
119.71667	0.00156
119.55000	0.58516
119.41667	-0.00037
119.23333	0.00172
119.05000	0.57872
118.85000	-0.00198
118.61667	0.45935
118.40000	-0.00182
118.18333	0.00108
118.01667	0.61125
117.88333	-0.00070
117.76667	0.43809
117.65000	-0.00198
117.53333	0.12495
117.41667	-0.00070
117.26667	-0.00118
117.13333	0.12157
116.98333	-0.00198
116.88333	0.08339
116.80000	-0.00279
116.73333	-0.00182
116.68333	0.11867
116.65000	-0.00118
116.61667	0.01783
116.56667	0.67826
116.48333	0.00510
116.41667	0.59853
116.36667	-0.00198
116.31667	0.48593
116.26667	-0.00231
116.21667	0.12173
116.11667	-0.00150
116.03333	0.08468
115.93333	-0.00150
115.85000	-0.00166
115.76667	0.00220
115.73333	0.59805
115.70000	-0.00247
115.66667	0.43181
115.61667	-0.00086
115.53333	0.12044
115.43333	-0.00215
115.30000	0.08049
115.20000	-0.00311
115.11667	0.00688
115.03333	0.05713
114.95000	-0.00150
114.88333	0.00639
114.80000	0.07405
114.71667	-0.00053
114.63333	-0.00182
114.51667	0.11126
114.36667	-0.00086
114.18333	0.08242
114.00000	-0.00053
113.78333	0.01026
113.60000	0.05987
113.40000	-0.00166
113.21667	0.00784
113.06667	0.06390
112.90000	-0.00150
112.75000	0.00913
112.60000	0.06052
112.41667	-0.00166
112.23333	0.00977
112.03333	0.71032
111.88333	0.00398
111.75000	0.05439
111.63333	-0.00118
111.53333	0.00961
111.45000	0.06825
111.38333	-0.00118
111.33333	-0.00166
111.26667	0.11915
111.20000	-0.00150
111.10000	-0.00150
111.00000	0.11432
110.86667	-0.00166
110.73333	0.01332
110.60000	0.64170
110.50000	0.00349
110.41667	0.63397
110.33333	-0.00086
110.25000	0.46547
110.18333	-0.00166
110.11667	0.00333
110.03333	0.58516
109.96667	-0.00150
109.86667	0.00172
109.76667	0.59064
109.66667	-0.00102
109.55000	0.50977
109.45000	-0.00247
109.33333	0.12704
109.21667	-0.00295
109.11667	0.09273
109.03333	-0.00295
108.95000	-0.00215
108.86667	0.00156
108.78333	0.05810
108.70000	-0.00134
108.61667	-0.00102
108.53333	0.11271
108.43333	-0.00134
108.30000	0.11963
108.20000	-0.00118
108.08333	0.11706
108.00000	-0.00182
107.95000	0.11335
107.85000	-0.00166
107.76667	0.12157
107.66667	-0.00150
107.51667	0.11544
107.35000	-0.00182
107.15000	0.12334
106.95000	-0.00215
106.76667	0.10723
106.61667	-0.00070
106.50000	0.11561
106.38333	-0.00182
106.28333	0.11979
106.21667	-0.00086
106.13333	0.11641
106.03333	-0.00053
105.91667	0.11383
105.83333	-0.00231
105.78333	0.11222
105.73333	-0.00231
105.70000	0.11689
105.65000	-0.00215
105.60000	0.13494
105.51667	-0.00053
105.43333	0.13236
105.31667	-0.00327
105.20000	0.16393
105.08333	-0.00198
104.95000	0.11963
104.81667	-0.00118
104.68333	-0.00166
104.51667	0.13236
104.35000	-0.00182
104.20000	0.12157
104.06667	-0.00005
103.96667	-0.00005
103.85000	-0.00005
103.76667	0.00236
103.71667	-0.00279
103.65000	0.02266
103.58333	0.00269
103.53333	0.00027
103.43333	0.00059
103.31667	0.00398
103.18333	0.00333
103.06667	0.00349
102.90000	0.00188
102.76667	0.00253
102.63333	0.00156
102.51667	0.00092
102.43333	0.00285
102.35000	0.00092
102.25000	0.00317
102.15000	0.00027
102.05000	0.00092
101.96667	0.00301
101.88333	0.00414
101.80000	0.00236
101.70000	0.00204
101.60000	0.00285
101.50000	0.00156
101.36667	0.00075
101.18333	0.00381
100.98333	0.00349
100.78333	0.00027
100.58333	0.00285
100.40000	0.00253
100.23333	0.00253
100.10000	0.00607
99.95000	0.00301
99.80000	0.00220
99.66667	0.00543
99.51667	0.00172
99.36667	0.00478
99.21667	0.00317
99.08333	0.00204
98.93333	0.00220
98.78333	0.00398
98.68333	0.00301
98.58333	0.00317
98.53333	0.00349
98.48333	0.00204
98.43333	0.00220
98.36667	0.00462
98.31667	0.00414
98.25000	0.00414
98.15000	0.00430
98.03333	0.00398
97.91667	0.00349
97.80000	0.00559
97.66667	0.00559
97.53333	0.00414
97.38333	0.00365
97.25000	0.00591
97.15000	0.00349
97.03333	0.00269
96.91667	0.00510
96.81667	0.00881
96.71667	0.00607
96.60000	0.00204
96.48333	0.00494
96.35000	0.00688
96.23333	0.00317
96.06667	0.00655
95.90000	0.00736
95.73333	0.00897
95.56667	0.00929
95.41667	0.00977
95.30000	0.01010
95.18333	0.01187
95.08333	0.01606
95.01667	0.00945
94.91667	0.01155
94.81667	0.01573
94.71667	0.01300
94.56667	0.01751
94.40000	0.01251
94.23333	0.01251
94.06667	0.01380
93.88333	0.00913
93.68333	0.00961
93.43333	0.00575
93.13333	0.00236
92.81667	0.00269
92.50000	0.00269
92.28333	0.00220
92.16667	0.00607
92.08333	0.00301
92.03333	0.00800
91.98333	0.01670
91.91667	0.01815
91.83333	0.02024
91.75000	0.02137
91.68333	0.02556
91.63333	0.03007
91.55000	0.02733
91.50000	0.02685
91.45000	0.02862
91.36667	0.02653
91.30000	0.02733
91.18333	0.02733
91.05000	0.03072
90.90000	0.02653
90.75000	0.03297
90.60000	0.02975
90.43333	0.02894
90.30000	0.03249
90.16667	0.03684
90.03333	0.03281
89.86667	0.02910
89.73333	0.03039
89.58333	0.02202
89.38333	0.01332
89.13333	0.01654
88.83333	0.02637
88.50000	0.03990
88.20000	0.04473
87.95000	0.04811
87.73333	0.04586
87.58333	0.04892
87.45000	0.05407
87.35000	0.05149
87.26667	0.05278
87.18333	0.05149
87.08333	0.06293
86.98333	0.05874
86.88333	0.05665
86.80000	0.05552
86.71667	0.05794
86.61667	0.06052
86.51667	0.06277
86.41667	0.06390
86.28333	0.06341
86.15000	0.06470
86.01667	0.06325
85.83333	0.06503
85.66667	0.06664
85.48333	0.06325
85.23333	0.05826
85.00000	0.07099
84.76667	0.07872
84.53333	0.07630
84.31667	0.06567
84.20000	0.05842
84.08333	0.05874
83.95000	0.06454
83.83333	0.07211
83.68333	0.07678
83.53333	0.08645
83.40000	0.09499
83.23333	0.09531
83.10000	0.09418
83.00000	0.09724
82.90000	0.09611
82.78333	0.09273
82.65000	0.09563
82.51667	0.10336
82.40000	0.10369
82.33333	0.10336
82.30000	0.10336
82.25000	0.09740
82.20000	0.09740
82.11667	0.09837
82.01667	0.10111
81.90000	0.10288
81.78333	0.09628
81.68333	0.10111
81.58333	0.10465
81.50000	0.10836
81.43333	0.11544
81.38333	0.11158
81.31667	0.11109
81.25000	0.11706
81.13333	0.11834
81.05000	0.12140
80.96667	0.12543
80.83333	0.12446
80.73333	0.12334
80.61667	0.12350
80.51667	0.11448
80.43333	0.11093
80.33333	0.11496
80.25000	0.11931
80.13333	0.12672
80.00000	0.12640
79.88333	0.13075
79.75000	0.13236
79.60000	0.13945
79.45000	0.13832
79.31667	0.14379
79.20000	0.14041
79.05000	0.13477
78.93333	0.12914
78.85000	0.13735
78.75000	0.13187
78.63333	0.12044
78.50000	0.11947
78.33333	0.13252
78.13333	0.14524
77.96667	0.15797
77.78333	0.15958
77.63333	0.15588
77.53333	0.15571
77.43333	0.16280
77.38333	0.16731
77.31667	0.17037
77.21667	0.17263
77.13333	0.17955
77.03333	0.17939
76.91667	0.18294
76.80000	0.18229
76.68333	0.18165
76.56667	0.17988
76.46667	0.17762
76.35000	0.16844
76.23333	0.17070
76.10000	0.14396
75.98333	0.12124
75.85000	0.09660
75.73333	0.08709
75.60000	0.07582
75.50000	0.15749
75.36667	0.20484
75.18333	0.20984
75.01667	0.21370
74.83333	0.21789
74.66667	0.22740
74.51667	0.22981
74.33333	0.21064
74.16667	0.18052
74.03333	0.14975
73.90000	0.18133
73.81667	0.19727
73.75000	0.20501
73.73333	0.21838
73.70000	0.22353
73.65000	0.22675
73.58333	0.23384
73.53333	0.23464
73.51667	0.23706
73.48333	0.24238
73.43333	0.24528
73.38333	0.24189
73.28333	0.24995
73.21667	0.25220
73.15000	0.25317
73.05000	0.25075
72.93333	0.25687
72.78333	0.26396
72.61667	0.26734
72.48333	0.26235
72.36667	0.25752
72.28333	0.26815
72.21667	0.26944
72.18333	0.26783
72.15000	0.27443
72.11667	0.27588
72.08333	0.27685
72.03333	0.28216
72.00000	0.27910
71.95000	0.28313
71.88333	0.28088
71.80000	0.28088
71.71667	0.28458
71.61667	0.28442
71.46667	0.29360
71.26667	0.29569
71.03333	0.30085
70.88333	0.29215
70.78333	0.28329
70.71667	0.29537
70.68333	0.29779
70.65000	0.29843
70.60000	0.30520
70.56667	0.30890
70.51667	0.31551
70.46667	0.31905
70.41667	0.32082
70.35000	0.32759
70.26667	0.33258
70.16667	0.33097
70.06667	0.32727
69.98333	0.32791
69.88333	0.32211
69.76667	0.32453
69.63333	0.33452
69.48333	0.34499
69.36667	0.35256
69.28333	0.35159
69.20000	0.35191
69.16667	0.35787
69.11667	0.35787
69.05000	0.35819
68.98333	0.36174
68.93333	0.36512
68.88333	0.37221
68.80000	0.37350
68.71667	0.37334
68.58333	0.38139
68.45000	0.38187
68.28333	0.38542
68.11667	0.38558
67.95000	0.37785
67.80000	0.37962
67.68333	0.39685
67.58333	0.40459
67.46667	0.41232
67.35000	0.41779
67.20000	0.42247
67.05000	0.42488
66.88333	0.43729
66.66667	0.43793
66.45000	0.41586
66.21667	0.35465
66.03333	0.27636
65.85000	0.22385
65.66667	0.17843
65.53333	0.18503
65.41667	0.30085
65.33333	0.42520
65.28333	0.46515
65.25000	0.47095
65.23333	0.47337
65.21667	0.47675
65.18333	0.48191
65.15000	0.48352
65.10000	0.48738
65.05000	0.48722
64.96667	0.49801
64.81667	0.50655
64.66667	0.50719
64.48333	0.51477
64.31667	0.51718
64.18333	0.52942
64.08333	0.52363
63.98333	0.53120
63.86667	0.53651
63.75000	0.54553
63.63333	0.54956
63.53333	0.55568
63.45000	0.55375
63.38333	0.55343
63.31667	0.55761
63.23333	0.56373
63.16667	0.56116
63.08333	0.56212
63.00000	0.57163
62.91667	0.56953
62.80000	0.57388
62.70000	0.58049
62.61667	0.57340
62.55000	0.56647
62.48333	0.56969
62.41667	0.57259
62.35000	0.57904
62.28333	0.58790
62.20000	0.58854
62.15000	0.59772
62.10000	0.59966
62.05000	0.60771
62.00000	0.60723
61.91667	0.60771
61.85000	0.61689
61.73333	0.61206
61.63333	0.61770
61.55000	0.61464
61.45000	0.60626
61.36667	0.61335
61.30000	0.60062
61.23333	0.59482
61.16667	0.59209
61.08333	0.59949
61.00000	0.60916
60.91667	0.62913
60.80000	0.64685
60.68333	0.66940
60.60000	0.68471
60.53333	0.69228
60.51667	0.69775
60.50000	0.69775
60.50000	0.70323
60.50000	0.69582
60.50000	0.70033
60.50000	0.70049
60.51667	0.70017
60.51667	0.70678
60.51667	0.69775
60.51667	0.69518
60.51667	0.70033
60.51667	0.70291
60.51667	0.70533
60.51667	0.70710
60.51667	0.70694
60.51667	0.70951
60.51667	0.71048
60.53333	0.70951
60.53333	0.70726
60.53333	0.70855
60.53333	0.70484
60.53333	0.70903
60.53333	0.70710
60.53333	0.70710
60.53333	0.70806
60.53333	0.70661
60.53333	0.70661
60.53333	0.70323
60.53333	0.70339
60.53333	0.70339
60.53333	0.70001
60.53333	0.70065
60.53333	0.70130
60.53333	0.70420
60.53333	0.70726
60.53333	0.71370
60.53333	0.70758
60.53333	0.70935
60.53333	0.70822
60.53333	0.71048
60.53333	0.70565
60.53333	0.70468
60.53333	0.71515
60.53333	0.72079
60.53333	0.72127
60.53333	0.72353
60.53333	0.72192
60.53333	0.72063
60.53333	0.72659
60.53333	0.72401
60.53333	0.72643
60.53333	0.72401
60.53333	0.72514
60.53333	0.72466
60.53333	0.72240
60.53333	0.72627
60.53333	0.72449
60.53333	0.72530
60.53333	0.72820
60.53333	0.72594
60.53333	0.72820
60.53333	0.72884