Polarization of Light 'theta' Data File Tue, Feb 07, 2023 10:14 AM
Sensor Position (Radians)	Light Intensity (Volts)
0.00000	-0.00488
0.00000	0.00011
0.00000	-0.00504
0.00000	-0.00601
0.00000	-0.00666
0.00000	-0.00537
0.00000	-0.00504
0.00000	-0.00714
0.00000	-0.00666
0.00000	-0.00843
0.00000	-0.00714
0.00000	-0.00279
0.00000	-0.00746
0.00000	-0.00376
0.00000	-0.00666
0.00000	-0.00794
0.00000	-0.00601
0.00000	-0.00553
0.00000	-0.00521
0.00000	-0.00794
0.00000	-0.00360
0.00000	-0.00666
0.00000	-0.00521
0.00000	-0.00521
0.00000	-0.00617
0.00000	-0.00521
0.00000	-0.00956
0.00000	-0.00343
0.00000	-0.01020
0.00000	-0.00472
0.00000	-0.00424
0.00000	-0.00794
0.00000	-0.00617
0.00000	-0.00666
0.00000	-0.00553
0.00000	-0.00553
0.00000	-0.00617
0.00000	-0.00488
0.00000	-0.00746
0.00000	-0.00875
0.00000	-0.00666
0.00000	-0.00488
-0.00436	-0.00746
-0.00436	-0.00585
-0.00436	-0.00746
-0.00436	-0.00521
-0.01309	-0.00746
-0.02182	-0.00746
-0.03054	-0.00859
-0.04363	-0.00682
-0.05672	-0.00827
-0.06545	-0.00923
-0.07854	-0.00939
-0.08727	-0.00666
-0.09163	-0.00827
-0.10036	-0.01100
-0.10472	-0.00939
-0.10908	-0.00907
-0.11345	-0.00778
-0.11781	-0.01133
-0.11781	-0.00811
-0.12217	-0.00811
-0.12217	-0.00956
-0.12654	-0.00827
-0.12654	-0.01133
-0.13090	-0.00682
-0.13526	-0.00972
-0.13963	-0.01036
-0.13963	-0.00633
-0.14399	-0.00923
-0.14399	-0.00891
-0.14835	-0.00698
-0.14835	-0.00972
-0.15272	-0.00762
-0.16144	-0.00956
-0.16581	-0.00682
-0.17453	-0.00956
-0.17890	-0.00472
-0.17890	-0.00778
-0.18326	-0.00956
-0.18762	-0.00537
-0.19199	-0.00746
-0.19635	-0.00585
-0.20071	-0.00698
-0.20944	-0.00762
-0.21380	-0.00569
-0.21817	-0.00488
-0.22253	-0.00488
-0.23126	-0.00408
-0.23998	-0.00376
-0.24435	-0.00134
-0.24871	-0.00408
-0.25307	-0.00360
-0.25744	-0.00102
-0.26180	-0.00070
-0.27053	0.00092
-0.27489	0.00172
-0.27925	0.00156
-0.28362	0.00188
-0.28798	0.00333
-0.28798	0.00543
-0.28798	0.00381
-0.29234	0.00349
-0.29234	0.00543
-0.29671	0.00704
-0.29671	0.00333
-0.30543	0.00639
-0.30980	0.00333
-0.31416	0.00994
-0.31416	0.00559
-0.31416	0.00881
-0.31852	0.00994
-0.32289	0.00768
-0.32289	0.01106
-0.32289	0.01074
-0.32725	0.00913
-0.33161	0.01428
-0.33598	0.01171
-0.34034	0.01606
-0.34034	0.01428
-0.34470	0.01606
-0.34470	0.01767
-0.34470	0.01412
-0.34907	0.01670
-0.34907	0.01670
-0.35343	0.01654
-0.35343	0.02121
-0.35343	0.02008
-0.35779	0.01831
-0.35779	0.02121
-0.36216	0.02008
-0.37088	0.02733
-0.37525	0.03104
-0.37961	0.02814
-0.37961	0.02604
-0.37961	0.02765
-0.37961	0.02749
-0.38397	0.03007
-0.39270	0.03184
-0.40143	0.03796
-0.41015	0.04457
-0.41452	0.04328
-0.41888	0.04747
-0.42324	0.04634
-0.42761	0.05343
-0.43633	0.05778
-0.44506	0.06116
-0.45379	0.07018
-0.45815	0.07099
-0.45815	0.07163
-0.46251	0.06793
-0.47124	0.08146
-0.47560	0.08210
-0.47997	0.08983
-0.48869	0.09466
-0.49306	0.09917
-0.49742	0.10352
-0.50178	0.10433
-0.50615	0.10965
-0.51051	0.11577
-0.51924	0.12108
-0.52360	0.12414
-0.52360	0.12930
-0.52796	0.13236
-0.53233	0.13461
-0.53669	0.14218
-0.54105	0.14814
-0.54978	0.15008
-0.55414	0.16280
-0.55851	0.16474
-0.56287	0.17359
-0.57160	0.17859
-0.57596	0.19099
-0.58032	0.19180
-0.58469	0.20291
-0.58905	0.20517
-0.58905	0.20855
-0.59341	0.21209
-0.59778	0.21676
-0.60214	0.22868
-0.61087	0.24028
-0.62396	0.25832
-0.63268	0.27588
-0.64141	0.28845
-0.64577	0.30004
-0.65450	0.31905
-0.66323	0.32614
-0.66323	0.33564
-0.66759	0.33999
-0.67195	0.35095
-0.67632	0.35707
-0.68068	0.36593
-0.68941	0.38413
-0.69377	0.39798
-0.69813	0.40732
-0.70250	0.41715
-0.70686	0.41989
-0.70686	0.43068
-0.71558	0.44147
-0.71995	0.45355
-0.71995	0.45903
-0.72431	0.46386
-0.72431	0.46274
-0.72431	0.46451
-0.72431	0.46741
-0.72867	0.47707
-0.72867	0.48384
-0.73304	0.48980
-0.73740	0.50123
-0.74176	0.51267
-0.74176	0.51138
-0.74176	0.51332
-0.74613	0.52395
-0.75049	0.53232
-0.75485	0.54376
-0.75922	0.55391
-0.76358	0.56551
-0.76358	0.56857
-0.76358	0.57050
-0.76794	0.58065
-0.77231	0.59418
-0.77667	0.60223
-0.77667	0.60932
-0.77667	0.60819
-0.77667	0.60852
-0.77667	0.60884
-0.77667	0.61158
-0.78103	0.61254
-0.78103	0.62027
-0.78540	0.63042
-0.78976	0.63606
-0.78976	0.64460
-0.78976	0.64508
-0.79412	0.65040
-0.79849	0.66779
-0.81158	0.70565
-0.82903	0.76074
-0.83776	0.78748
-0.83776	0.78764
-0.83776	0.78554
-0.83776	0.78796
-0.83776	0.78490
-0.83776	0.79521
-0.83776	0.79199
-0.83776	0.79634
-0.84212	0.79811
-0.84212	0.80842
-0.84648	0.81180
-0.85521	0.84144
-0.85957	0.85739
-0.86394	0.88316
-0.87266	0.90249
-0.87266	0.91280
-0.87703	0.92101
-0.88139	0.93809
-0.88575	0.94840
-0.89012	0.96322
-0.89012	0.97320
-0.89448	0.98770
-0.89884	1.00091
-0.90321	1.01460
-0.90321	1.01992
-0.90321	1.02250
-0.90757	1.03603
-0.91193	1.05133
-0.91630	1.06051
-0.92066	1.07581
-0.92066	1.07855
-0.92066	1.08210
-0.92066	1.08355
-0.92066	1.08483
-0.92066	1.08580
-0.92066	1.08677
-0.92502	1.08596
-0.92939	1.11882
-0.93811	1.14621
-0.94248	1.15797
-0.94684	1.17391
-0.95120	1.18922
-0.95993	1.23077
-0.97738	1.30133
-0.98611	1.34804
-0.99047	1.35400
-0.99047	1.35046
-0.99047	1.35304
-0.99047	1.35529
-0.99484	1.36850
-0.99484	1.37720
-1.00356	1.40088
-1.00356	1.41795
-1.00793	1.43245
-1.01229	1.44872
-1.02102	1.48222
-1.02974	1.51589
-1.03847	1.56389
-1.04283	1.57952
-1.04283	1.57613
-1.04283	1.58097
-1.04720	1.59724
-1.05592	1.62849
-1.06029	1.66103
-1.06465	1.67729
-1.06901	1.69340
-1.07338	1.71241
-1.07774	1.73528
-1.08647	1.76041
-1.09519	1.80680
-1.11265	1.87607
-1.12574	1.93696
-1.13883	1.99366
-1.14319	2.01686
-1.14319	2.02668
-1.15192	2.05552
-1.16064	2.08854
-1.17373	2.14282
-1.18682	2.21885
-1.20428	2.27974
-1.20864	2.31373
-1.21300	2.32195
-1.21300	2.33339
-1.22173	2.35336
-1.23482	2.41650
-1.25227	2.48690
-1.25664	2.51750
-1.26536	2.55375
-1.27409	2.58145
-1.27845	2.60223
-1.29154	2.65475
-1.30027	2.69051
-1.31336	2.72579
-1.32209	2.75446
-1.32645	2.76960
-1.33518	2.81229
-1.35699	2.89267
-1.37445	2.93971
-1.39626	3.02524
-1.40063	3.04779
-1.40499	3.05101
-1.40499	3.05955
-1.41372	3.08903
-1.42244	3.12334
-1.42244	3.11964
-1.42244	3.12157
-1.42244	3.11609
-1.42244	3.11980
-1.42244	3.12060
-1.42244	3.12350
-1.42244	3.12463
-1.42244	3.12705
-1.42244	3.12608
-1.42244	3.12527
-1.42244	3.12801
-1.42244	3.12511
-1.42244	3.12656
-1.42244	3.12640
-1.42244	3.12495
-1.42244	3.12221
-1.42244	3.12656
-1.42244	3.12447
-1.42244	3.12866
-1.42244	3.12399
-1.42244	3.12576
-1.42244	3.12350
-1.42244	3.13091
-1.42244	3.12382
-1.42244	3.11770
-1.42244	3.11207
-1.42244	3.12366
-1.42244	3.12286
-1.42244	3.12689
-1.42244	3.12431
-1.42244	3.12495
-1.42681	3.13027
-1.42681	3.12785
-1.42681	3.13107
-1.42681	3.13575
-1.42681	3.13591
-1.43117	3.14670
-1.44426	3.18455
-1.46171	3.23304
-1.48353	3.28394
-1.50971	3.33291
-1.52716	3.37174
-1.54462	3.40202
-1.56207	3.42634
-1.57952	3.44326
-1.59261	3.45808
-1.60570	3.47113
-1.61879	3.47998
-1.63188	3.48401
-1.64497	3.48820
-1.65806	3.48836
-1.67552	3.48723
-1.69297	3.48369
-1.70606	3.47660
-1.73224	3.45920
-1.75842	3.43198
-1.78460	3.39348
-1.80205	3.36143
-1.81514	3.34226
-1.82387	3.31729
-1.83260	3.30054
-1.84132	3.27573
-1.85441	3.25430
-1.86750	3.21597
-1.88059	3.18407
-1.89368	3.14332
-1.90677	3.10756
-1.91986	3.07437
-1.92423	3.04989
-1.92859	3.04473
-1.92859	3.04215
-1.92859	3.04328
-1.92859	3.04425
-1.92859	3.04006
-1.92859	3.03330
-1.93732	3.00688
-1.94604	2.98465
-1.95477	2.95259
-1.96350	2.91748
-1.97222	2.89444
-1.98095	2.86577
-1.98531	2.84241
-1.99840	2.80246
-2.01149	2.75269
-2.02458	2.69502
-2.03767	2.64299
-2.05076	2.59627
-2.06385	2.54312
-2.08131	2.48303
-2.09440	2.41650
-2.11621	2.33741
-2.13367	2.24737
-2.15112	2.17246
-2.16857	2.11270
-2.18166	2.05616
-2.19039	2.00993
-2.20348	1.95613
-2.21657	1.89508
-2.24275	1.78892
-2.26456	1.68036
-2.28638	1.58693
-2.29947	1.52620
-2.31692	1.46032
-2.33001	1.39492
-2.34310	1.34031
-2.35619	1.28876
-2.36928	1.22884
-2.38237	1.17311
-2.39546	1.13815
-2.40419	1.10545
-2.40419	1.09627
-2.40855	1.08757
-2.40855	1.08097
-2.40855	1.08226
-2.40855	1.08226
-2.40855	1.08000
-2.40855	1.08145
-2.40855	1.07775
-2.41728	1.04827
-2.43473	0.98915
-2.45219	0.92923
-2.46528	0.88026
-2.47837	0.83822
-2.49582	0.77846
-2.51327	0.72224
-2.53073	0.66683
-2.53509	0.65539
-2.53945	0.64830
-2.54382	0.62446
-2.54818	0.61238
-2.55254	0.60094
-2.55691	0.59209
-2.55691	0.59080
-2.55691	0.59176
-2.56127	0.58419
-2.56563	0.57034
-2.57000	0.55310
-2.57436	0.55214
-2.57436	0.53941
-2.57872	0.53555
-2.59618	0.49109
-2.61363	0.44776
-2.63108	0.41038
-2.64417	0.37913
-2.64854	0.37156
-2.65726	0.35352
-2.67035	0.33097
-2.67472	0.31953
-2.68781	0.29972
-2.70962	0.25929
-2.73580	0.21966
-2.77071	0.17698
-2.79689	0.14218
-2.80998	0.12624
-2.82307	0.12221
-2.82743	0.11158
-2.84489	0.09595
-2.86234	0.08468
-2.87979	0.07099
-2.88852	0.06358
-2.90597	0.05311
-2.91470	0.05037
-2.92779	0.03941
-2.94088	0.03829
-2.95833	0.02943
-2.96706	0.02782
-2.97142	0.02379
-2.98015	0.02137
-2.98015	0.02153
-2.98015	0.01928
-2.98015	0.02186
-2.98015	0.01960
-2.98015	0.02041
-2.98015	0.01944
-2.98015	0.02234
-2.98015	0.02008
-2.98015	0.02105
-2.98015	0.02089
-2.98015	0.01976
-2.98015	0.02202
-2.98015	0.01976
-2.98015	0.02169
-2.98015	0.02137
-2.98015	0.02121
-2.98015	0.02121
-2.98015	0.02137
-2.98451	0.02218
-2.98451	0.01896
-2.98451	0.01863
-2.98888	0.01815
-2.99324	0.01831
-3.00197	0.01461
-3.01069	0.01058
-3.01506	0.01300
-3.01942	0.01106
-3.02378	0.00832
-3.02815	0.00832
-3.03687	0.00414
-3.04560	0.00800
-3.06305	0.00059
-3.08051	0.00092
-3.09796	-0.00166
-3.11541	-0.00537
-3.13287	-0.00682
-3.15032	-0.00440